0.001	1.119	-11.723
0.002	0.106	-9.707
0.003	0.106	-10.715
0.004	0.106	-10.715
0.005	0.106	-10.715
0.006	0.106	-10.715
0.007	0.106	-10.715
0.008	0.106	-10.715
0.009	0.106	-10.715
0.010	0.106	-10.715
0.011	0.106	-10.715
0.012	0.106	-10.715
0.013	0.106	-10.715
0.014	0.106	-10.715
0.015	0.106	-10.715
0.016	0.106	-10.715
0.017	0.106	-11.723
0.018	0.106	-10.715
0.019	0.106	-10.715
0.020	0.106	-10.715
0.021	-0.908	-11.723
0.022	0.106	-10.715
0.023	0.106	-10.715
0.024	0.106	-10.715
0.025	-0.908	-10.715
0.026	0.106	-10.715
0.027	0.106	-10.715
0.028	0.106	-11.723
0.029	0.106	-10.715
0.030	0.106	-12.731
0.031	0.106	-10.715
0.032	0.106	-11.723
0.033	0.106	-11.723
0.034	0.106	-11.723
0.035	0.106	-11.723
0.036	0.106	-11.723
0.037	0.106	-10.715
0.038	0.106	-11.723
0.039	0.106	-11.723
0.040	0.106	-10.715
0.041	0.106	-11.723
0.042	0.106	-10.715
0.043	0.106	-10.715
0.044	0.106	-11.723
0.045	0.106	-10.715
0.046	0.106	-11.723
0.047	0.106	-11.723
0.048	0.106	-11.723
0.049	0.106	-10.715
0.050	-0.908	-10.715
0.051	0.106	-10.715
0.052	0.106	-11.723
0.053	0.106	-11.723
0.054	-0.908	-10.715
0.055	0.106	-10.715
0.056	0.106	-10.715
0.057	0.106	-11.723
0.058	0.106	-10.715
0.059	0.106	-9.707
0.060	0.106	-11.723
0.061	0.106	-10.715
0.062	0.106	-10.715
0.063	0.106	-10.715
0.064	0.106	-11.723
0.065	-0.908	-10.715
0.066	0.106	-10.715
0.067	0.106	-11.723
0.068	0.106	-11.723
0.069	0.106	-10.715
0.070	0.106	-10.715
0.071	0.106	-10.715
0.072	0.106	-11.723
0.073	0.106	-11.723
0.074	0.106	-10.715
0.075	0.106	-10.715
0.076	0.106	-10.715
0.077	0.106	-11.723
0.078	0.106	-10.715
0.079	0.106	-10.715
0.080	0.106	-10.715
0.081	0.106	-10.715
0.082	0.106	-10.715
0.083	0.106	-10.715
0.084	1.119	-10.715
0.085	0.106	-10.715
0.086	0.106	-10.715
0.087	0.106	-11.723
0.088	0.106	-10.715
0.089	-0.908	-11.723
0.090	0.106	-11.723
0.091	0.106	-11.723
0.092	0.106	-10.715
0.093	0.106	-10.715
0.094	-0.908	-10.715
0.095	0.106	-10.715
0.096	0.106	-10.715
0.097	0.106	-11.723
0.098	0.106	-11.723
0.099	0.106	-10.715
0.100	0.106	-11.723
0.101	0.106	-10.715
0.102	0.106	-10.715
0.103	0.106	-10.715
0.104	0.106	-10.715
0.105	1.119	-11.723
0.106	0.106	-10.715
0.107	1.119	-10.715
0.108	0.106	-9.707
0.109	0.106	-11.723
0.110	0.106	-10.715
0.111	0.106	-11.723
0.112	0.106	-11.723
0.113	0.106	-10.715
0.114	-0.908	-10.715
0.115	0.106	-10.715
0.116	0.106	-11.723
0.117	0.106	-11.723
0.118	0.106	-11.723
0.119	0.106	-10.715
0.120	0.106	-10.715
0.121	-0.908	-10.715
0.122	0.106	-10.715
0.123	-0.908	-11.723
0.124	0.106	-10.715
0.125	-0.908	-11.723
0.126	0.106	-11.723
0.127	0.106	-10.715
0.128	0.106	-10.715
0.129	0.106	-10.715
0.130	0.106	-10.715
0.131	0.106	-10.715
0.132	0.106	-10.715
0.133	0.106	-11.723
0.134	1.119	-10.715
0.135	0.106	-10.715
0.136	1.119	-10.715
0.137	0.106	-10.715
0.138	0.106	-11.723
0.139	1.119	-10.715
0.140	0.106	-10.715
0.141	1.119	-10.715
0.142	0.106	-10.715
0.143	0.106	-11.723
0.144	0.106	-11.723
0.145	1.119	-11.723
0.146	0.106	-10.715
0.147	0.106	-11.723
0.148	0.106	-11.723
0.149	0.106	-10.715
0.150	0.106	-10.715
0.151	0.106	-10.715
0.152	0.106	-11.723
0.153	0.106	-10.715
0.154	0.106	-11.723
0.155	0.106	-10.715
0.156	0.106	-10.715
0.157	0.106	-10.715
0.158	0.106	-10.715
0.159	0.106	-10.715
0.160	0.106	-11.723
0.161	0.106	-9.707
0.162	0.106	-8.699
0.163	0.106	-10.715
0.164	0.106	-9.707
0.165	0.106	-12.731
0.166	0.106	-10.715
0.167	0.106	-11.723
0.168	0.106	-11.723
0.169	0.106	-11.723
0.170	0.106	-10.715
0.171	-0.908	-10.715
0.172	0.106	-10.715
0.173	0.106	-11.723
0.174	0.106	-11.723
0.175	0.106	-10.715
0.176	0.106	-10.715
0.177	0.106	-11.723
0.178	0.106	-10.715
0.179	0.106	-10.715
0.180	0.106	-11.723
0.181	0.106	-11.723
0.182	0.106	-10.715
0.183	0.106	-10.715
0.184	0.106	-11.723
0.185	-0.908	-11.723
0.186	0.106	-10.715
0.187	0.106	-10.715
0.188	0.106	-10.715
0.189	0.106	-9.707
0.190	0.106	-10.715
0.191	0.106	-9.707
0.192	0.106	-11.723
0.193	0.106	-11.723
0.194	0.106	-10.715
0.195	-0.908	-10.715
0.196	0.106	-10.715
0.197	0.106	-11.723
0.198	0.106	-10.715
0.199	0.106	-11.723
0.200	0.106	-11.723
0.201	0.106	-11.723
0.202	-0.908	-11.723
0.203	0.106	-10.715
0.204	0.106	-11.723
0.205	0.106	-11.723
0.206	0.106	-10.715
0.207	0.106	-11.723
0.208	0.106	-10.715
0.209	0.106	-10.715
0.210	0.106	-11.723
0.211	0.106	-10.715
0.212	0.106	-10.715
0.213	0.106	-10.715
0.214	0.106	-10.715
0.215	-0.908	-10.715
0.216	0.106	-10.715
0.217	0.106	-10.715
0.218	0.106	-8.699
0.219	0.106	-11.723
0.220	0.106	-10.715
0.221	0.106	-10.715
0.222	0.106	-10.715
0.223	-0.908	-11.723
0.224	0.106	-10.715
0.225	0.106	-10.715
0.226	0.106	-11.723
0.227	0.106	-10.715
0.228	0.106	-10.715
0.229	0.106	-10.715
0.230	0.106	-11.723
0.231	0.106	-11.723
0.232	0.106	-10.715
0.233	0.106	-10.715
0.234	0.106	-10.715
0.235	0.106	-11.723
0.236	0.106	-10.715
0.237	0.106	-10.715
0.238	0.106	-10.715
0.239	0.106	-10.715
0.240	0.106	-10.715
0.241	-0.908	-10.715
0.242	0.106	-10.715
0.243	-0.908	-9.707
0.244	0.106	-10.715
0.245	-0.908	-8.699
0.246	-0.908	-10.715
0.247	-0.908	-11.723
0.248	0.106	-10.715
0.249	0.106	-10.715
0.250	0.106	-10.715
0.251	0.106	-11.723
0.252	-0.908	-11.723
0.253	0.106	-10.715
0.254	0.106	-10.715
0.255	0.106	-10.715
0.256	0.106	-10.715
0.257	0.106	-10.715
0.258	0.106	-10.715
0.259	0.106	-10.715
0.260	-0.908	-10.715
0.261	0.106	-10.715
0.262	0.106	-10.715
0.263	0.106	-10.715
0.264	0.106	-10.715
0.265	0.106	-10.715
0.266	0.106	-11.723
0.267	0.106	-10.715
0.268	-0.908	-10.715
0.269	0.106	-10.715
0.270	0.106	-10.715
0.271	0.106	-11.723
0.272	0.106	-10.715
0.273	0.106	-11.723
0.274	0.106	-10.715
0.275	0.106	-10.715
0.276	-0.908	-9.707
0.277	0.106	-11.723
0.278	0.106	-10.715
0.279	0.106	-10.715
0.280	0.106	-10.715
0.281	0.106	-10.715
0.282	0.106	-10.715
0.283	0.106	-10.715
0.284	0.106	-10.715
0.285	-0.908	-10.715
0.286	-0.908	-10.715
0.287	-0.908	-10.715
0.288	0.106	-10.715
0.289	-0.908	-10.715
0.290	0.106	-9.707
0.291	0.106	-10.715
0.292	-0.908	-10.715
0.293	-0.908	-11.723
0.294	0.106	-10.715
0.295	-0.908	-10.715
0.296	0.106	-11.723
0.297	0.106	-10.715
0.298	0.106	-10.715
0.299	0.106	-10.715
0.300	0.106	-10.715
0.301	0.106	-10.715
0.302	0.106	-10.715
0.303	0.106	-11.723
0.304	-0.908	-10.715
0.305	0.106	-10.715
0.306	-0.908	-10.715
0.307	0.106	-10.715
0.308	0.106	-10.715
0.309	0.106	-9.707
0.310	0.106	-10.715
0.311	0.106	-10.715
0.312	0.106	-10.715
0.313	0.106	-10.715
0.314	0.106	-10.715
0.315	0.106	-10.715
0.316	-0.908	-9.707
0.317	0.106	-10.715
0.318	0.106	-11.723
0.319	0.106	-10.715
0.320	-0.908	-10.715
0.321	0.106	-10.715
0.322	-0.908	-10.715
0.323	0.106	-11.723
0.324	0.106	-9.707
0.325	0.106	-10.715
0.326	0.106	-10.715
0.327	0.106	-10.715
0.328	0.106	-10.715
0.329	0.106	-11.723
0.330	0.106	-10.715
0.331	0.106	-10.715
0.332	0.106	-10.715
0.333	0.106	-10.715
0.334	0.106	-10.715
0.335	0.106	-10.715
0.336	0.106	-10.715
0.337	0.106	-10.715
0.338	0.106	-10.715
0.339	0.106	-10.715
0.340	0.106	-10.715
0.341	0.106	-10.715
0.342	0.106	-10.715
0.343	0.106	-10.715
0.344	0.106	-10.715
0.345	0.106	-10.715
0.346	-0.908	-10.715
0.347	0.106	-10.715
0.348	0.106	-10.715
0.349	0.106	-9.707
0.350	-0.908	-10.715
0.351	-0.908	-10.715
0.352	0.106	-10.715
0.353	0.106	-10.715
0.354	0.106	-10.715
0.355	0.106	-11.723
0.356	0.106	-11.723
0.357	0.106	-10.715
0.358	0.106	-10.715
0.359	0.106	-9.707
0.360	-0.908	-11.723
0.361	0.106	-10.715
0.362	0.106	-10.715
0.363	0.106	-10.715
0.364	-0.908	-10.715
0.365	0.106	-9.707
0.366	0.106	-11.723
0.367	0.106	-10.715
0.368	0.106	-10.715
0.369	0.106	-10.715
0.370	0.106	-10.715
0.371	0.106	-10.715
0.372	0.106	-11.723
0.373	0.106	-10.715
0.374	0.106	-10.715
0.375	0.106	-9.707
0.376	-0.908	-8.699
0.377	0.106	-10.715
0.378	-0.908	-10.715
0.379	0.106	-10.715
0.380	0.106	-10.715
0.381	0.106	-10.715
0.382	0.106	-10.715
0.383	0.106	-10.715
0.384	0.106	-10.715
0.385	0.106	-10.715
0.386	-0.908	-10.715
0.387	0.106	-10.715
0.388	0.106	-10.715
0.389	0.106	-10.715
0.390	0.106	-10.715
0.391	-0.908	-10.715
0.392	0.106	-10.715
0.393	0.106	-10.715
0.394	0.106	-10.715
0.395	0.106	-9.707
0.396	0.106	-10.715
0.397	0.106	-10.715
0.398	-0.908	-10.715
0.399	0.106	-10.715
0.400	0.106	-10.715
0.401	0.106	-10.715
0.402	0.106	-10.715
0.403	0.106	-9.707
0.404	0.106	-10.715
0.405	0.106	-11.723
0.406	-0.908	-10.715
0.407	0.106	-10.715
0.408	0.106	-11.723
0.409	0.106	-10.715
0.410	0.106	-10.715
0.411	0.106	-10.715
0.412	0.106	-10.715
0.413	0.106	-10.715
0.414	0.106	-10.715
0.415	0.106	-10.715
0.416	0.106	-10.715
0.417	0.106	-10.715
0.418	0.106	-10.715
0.419	0.106	-10.715
0.420	0.106	-10.715
0.421	0.106	-10.715
0.422	0.106	-11.723
0.423	0.106	-11.723
0.424	-0.908	-11.723
0.425	0.106	-11.723
0.426	0.106	-10.715
0.427	0.106	-10.715
0.428	-0.908	-8.699
0.429	0.106	-11.723
0.430	0.106	-11.723
0.431	-0.908	-10.715
0.432	0.106	-10.715
0.433	0.106	-10.715
0.434	-0.908	-10.715
0.435	0.106	-10.715
0.436	0.106	-10.715
0.437	0.106	-10.715
0.438	0.106	-10.715
0.439	0.106	-11.723
0.440	0.106	-10.715
0.441	0.106	-10.715
0.442	0.106	-10.715
0.443	0.106	-10.715
0.444	0.106	-10.715
0.445	0.106	-10.715
0.446	0.106	-9.707
0.447	0.106	-9.707
0.448	0.106	-10.715
0.449	0.106	-11.723
0.450	-0.908	-10.715
0.451	0.106	-11.723
0.452	0.106	-10.715
0.453	0.106	-10.715
0.454	0.106	-10.715
0.455	0.106	-10.715
0.456	0.106	-10.715
0.457	0.106	-10.715
0.458	0.106	-10.715
0.459	0.106	-10.715
0.460	0.106	-11.723
0.461	0.106	-10.715
0.462	0.106	-10.715
0.463	0.106	-11.723
0.464	0.106	-10.715
0.465	0.106	-10.715
0.466	0.106	-10.715
0.467	-0.908	-10.715
0.468	0.106	-11.723
0.469	0.106	-10.715
0.470	0.106	-10.715
0.471	0.106	-10.715
0.472	0.106	-10.715
0.473	0.106	-11.723
0.474	0.106	-10.715
0.475	0.106	-10.715
0.476	0.106	-10.715
0.477	0.106	-10.715
0.478	0.106	-11.723
0.479	0.106	-10.715
0.480	-0.908	-10.715
0.481	0.106	-11.723
0.482	0.106	-10.715
0.483	0.106	-10.715
0.484	0.106	-9.707
0.485	0.106	-10.715
0.486	-0.908	-10.715
0.487	0.106	-10.715
0.488	0.106	-10.715
0.489	0.106	-10.715
0.490	0.106	-10.715
0.491	0.106	-11.723
0.492	0.106	-11.723
0.493	0.106	-10.715
0.494	0.106	-10.715
0.495	0.106	-10.715
0.496	0.106	-11.723
0.497	0.106	-10.715
0.498	0.106	-9.707
0.499	0.106	-10.715
0.500	0.106	-10.715
0.501	0.106	-10.715
0.502	0.106	-11.723
0.503	0.106	-10.715
0.504	0.106	-10.715
0.505	0.106	-10.715
0.506	0.106	-10.715
0.507	0.106	-11.723
0.508	0.106	-11.723
0.509	-0.908	-11.723
0.510	0.106	-10.715
0.511	0.106	-10.715
0.512	0.106	-11.723
0.513	-0.908	-10.715
0.514	0.106	-11.723
0.515	0.106	-10.715
0.516	0.106	-10.715
0.517	0.106	-10.715
0.518	0.106	-10.715
0.519	0.106	-10.715
0.520	0.106	-11.723
0.521	0.106	-10.715
0.522	0.106	-11.723
0.523	-0.908	-11.723
0.524	0.106	-10.715
0.525	0.106	-11.723
0.526	0.106	-11.723
0.527	0.106	-10.715
0.528	-0.908	-11.723
0.529	0.106	-10.715
0.530	0.106	-11.723
0.531	0.106	-11.723
0.532	0.106	-11.723
0.533	0.106	-10.715
0.534	0.106	-11.723
0.535	0.106	-11.723
0.536	-0.908	-11.723
0.537	0.106	-10.715
0.538	-0.908	-10.715
0.539	0.106	-11.723
0.540	0.106	-10.715
0.541	0.106	-11.723
0.542	0.106	-11.723
0.543	0.106	-11.723
0.544	0.106	-11.723
0.545	-0.908	-11.723
0.546	0.106	-10.715
0.547	0.106	-11.723
0.548	0.106	-11.723
0.549	0.106	-11.723
0.550	0.106	-10.715
0.551	0.106	-11.723
0.552	0.106	-11.723
0.553	0.106	-11.723
0.554	0.106	-10.715
0.555	-0.908	-11.723
0.556	0.106	-11.723
0.557	0.106	-11.723
0.558	0.106	-11.723
0.559	0.106	-11.723
0.560	0.106	-10.715
0.561	0.106	-11.723
0.562	0.106	-10.715
0.563	0.106	-11.723
0.564	0.106	-11.723
0.565	0.106	-10.715
0.566	0.106	-11.723
0.567	0.106	-11.723
0.568	0.106	-11.723
0.569	0.106	-11.723
0.570	0.106	-11.723
0.571	0.106	-10.715
0.572	-0.908	-11.723
0.573	0.106	-10.715
0.574	0.106	-11.723
0.575	0.106	-11.723
0.576	0.106	-10.715
0.577	0.106	-11.723
0.578	0.106	-11.723
0.579	0.106	-11.723
0.580	0.106	-11.723
0.581	0.106	-11.723
0.582	0.106	-11.723
0.583	0.106	-11.723
0.584	0.106	-11.723
0.585	0.106	-10.715
0.586	0.106	-10.715
0.587	0.106	-10.715
0.588	0.106	-11.723
0.589	0.106	-10.715
0.590	0.106	-11.723
0.591	0.106	-12.731
0.592	0.106	-9.707
0.593	0.106	-11.723
0.594	0.106	-11.723
0.595	0.106	-10.715
0.596	0.106	-11.723
0.597	0.106	-11.723
0.598	0.106	-11.723
0.599	0.106	-11.723
0.600	0.106	-10.715
0.601	0.106	-11.723
0.602	0.106	-10.715
0.603	0.106	-11.723
0.604	0.106	-11.723
0.605	-0.908	-11.723
0.606	0.106	-10.715
0.607	0.106	-11.723
0.608	0.106	-11.723
0.609	-0.908	-11.723
0.610	0.106	-11.723
0.611	0.106	-11.723
0.612	0.106	-11.723
0.613	0.106	-11.723
0.614	0.106	-11.723
0.615	-0.908	-11.723
0.616	0.106	-12.731
0.617	0.106	-11.723
0.618	0.106	-12.731
0.619	0.106	-10.715
0.620	0.106	-11.723
0.621	0.106	-11.723
0.622	0.106	-11.723
0.623	0.106	-11.723
0.624	0.106	-11.723
0.625	0.106	-11.723
0.626	0.106	-12.731
0.627	0.106	-11.723
0.628	0.106	-10.715
0.629	0.106	-10.715
0.630	0.106	-11.723
0.631	0.106	-11.723
0.632	0.106	-11.723
0.633	0.106	-11.723
0.634	0.106	-11.723
0.635	0.106	-11.723
0.636	0.106	-11.723
0.637	0.106	-11.723
0.638	0.106	-11.723
0.639	0.106	-11.723
0.640	0.106	-11.723
0.641	0.106	-11.723
0.642	-0.908	-12.731
0.643	0.106	-11.723
0.644	0.106	-11.723
0.645	0.106	-11.723
0.646	0.106	-11.723
0.647	0.106	-12.731
0.648	0.106	-11.723
0.649	-0.908	-11.723
0.650	0.106	-11.723
0.651	0.106	-11.723
0.652	0.106	-11.723
0.653	0.106	-11.723
0.654	0.106	-11.723
0.655	0.106	-11.723
0.656	-0.908	-10.715
0.657	0.106	-11.723
0.658	0.106	-11.723
0.659	0.106	-11.723
0.660	0.106	-11.723
0.661	0.106	-11.723
0.662	0.106	-11.723
0.663	0.106	-12.731
0.664	0.106	-11.723
0.665	0.106	-11.723
0.666	0.106	-11.723
0.667	0.106	-11.723
0.668	0.106	-11.723
0.669	0.106	-11.723
0.670	0.106	-11.723
0.671	-0.908	-11.723
0.672	0.106	-12.731
0.673	0.106	-11.723
0.674	0.106	-12.731
0.675	0.106	-11.723
0.676	0.106	-12.731
0.677	0.106	-12.731
0.678	0.106	-12.731
0.679	0.106	-11.723
0.680	-0.908	-12.731
0.681	0.106	-10.715
0.682	0.106	-12.731
0.683	0.106	-12.731
0.684	0.106	-12.731
0.685	0.106	-12.731
0.686	0.106	-12.731
0.687	0.106	-12.731
0.688	-0.908	-12.731
0.689	-0.908	-11.723
0.690	0.106	-12.731
0.691	0.106	-11.723
0.692	0.106	-11.723
0.693	0.106	-11.723
0.694	0.106	-12.731
0.695	0.106	-12.731
0.696	0.106	-12.731
0.697	0.106	-12.731
0.698	0.106	-11.723
0.699	0.106	-12.731
0.700	0.106	-11.723
0.701	0.106	-12.731
0.702	0.106	-11.723
0.703	0.106	-11.723
0.704	0.106	-11.723
0.705	0.106	-11.723
0.706	0.106	-12.731
0.707	0.106	-10.715
0.708	0.106	-11.723
0.709	0.106	-12.731
0.710	0.106	-11.723
0.711	0.106	-12.731
0.712	0.106	-12.731
0.713	0.106	-12.731
0.714	0.106	-12.731
0.715	0.106	-11.723
0.716	0.106	-12.731
0.717	0.106	-11.723
0.718	0.106	-12.731
0.719	0.106	-12.731
0.720	0.106	-12.731
0.721	-0.908	-12.731
0.722	0.106	-12.731
0.723	0.106	-12.731
0.724	0.106	-12.731
0.725	0.106	-11.723
0.726	0.106	-11.723
0.727	0.106	-12.731
0.728	0.106	-12.731
0.729	0.106	-11.723
0.730	0.106	-13.739
0.731	0.106	-12.731
0.732	0.106	-12.731
0.733	0.106	-11.723
0.734	0.106	-12.731
0.735	0.106	-12.731
0.736	0.106	-12.731
0.737	0.106	-12.731
0.738	0.106	-12.731
0.739	0.106	-12.731
0.740	0.106	-12.731
0.741	0.106	-12.731
0.742	0.106	-12.731
0.743	0.106	-12.731
0.744	0.106	-12.731
0.745	0.106	-12.731
0.746	-0.908	-12.731
0.747	0.106	-12.731
0.748	0.106	-12.731
0.749	0.106	-12.731
0.750	0.106	-12.731
0.751	0.106	-12.731
0.752	0.106	-12.731
0.753	0.106	-12.731
0.754	-0.908	-12.731
0.755	1.119	-12.731
0.756	-0.908	-12.731
0.757	0.106	-13.739
0.758	0.106	-13.739
0.759	0.106	-12.731
0.760	0.106	-12.731
0.761	0.106	-13.739
0.762	0.106	-12.731
0.763	0.106	-13.739
0.764	0.106	-12.731
0.765	0.106	-13.739
0.766	0.106	-13.739
0.767	0.106	-12.731
0.768	0.106	-12.731
0.769	0.106	-12.731
0.770	0.106	-12.731
0.771	0.106	-12.731
0.772	0.106	-13.739
0.773	0.106	-13.739
0.774	0.106	-12.731
0.775	1.119	-12.731
0.776	0.106	-13.739
0.777	0.106	-12.731
0.778	0.106	-12.731
0.779	0.106	-13.739
0.780	0.106	-12.731
0.781	0.106	-13.739
0.782	0.106	-12.731
0.783	0.106	-12.731
0.784	0.106	-13.739
0.785	0.106	-11.723
0.786	0.106	-12.731
0.787	0.106	-13.739
0.788	0.106	-12.731
0.789	0.106	-12.731
0.790	0.106	-12.731
0.791	0.106	-12.731
0.792	0.106	-12.731
0.793	-0.908	-13.739
0.794	0.106	-13.739
0.795	-0.908	-13.739
0.796	0.106	-12.731
0.797	-0.908	-12.731
0.798	0.106	-12.731
0.799	0.106	-12.731
0.800	0.106	-12.731
0.801	0.106	-13.739
0.802	0.106	-13.739
0.803	0.106	-12.731
0.804	-0.908	-12.731
0.805	1.119	-13.739
0.806	0.106	-13.739
0.807	0.106	-12.731
0.808	0.106	-12.731
0.809	0.106	-12.731
0.810	0.106	-11.723
0.811	0.106	-15.756
0.812	0.106	-13.739
0.813	-0.908	-13.739
0.814	0.106	-13.739
0.815	-0.908	-13.739
0.816	0.106	-13.739
0.817	-0.908	-13.739
0.818	0.106	-13.739
0.819	-0.908	-13.739
0.820	0.106	-13.739
0.821	0.106	-13.739
0.822	0.106	-14.747
0.823	-0.908	-13.739
0.824	0.106	-13.739
0.825	0.106	-13.739
0.826	-0.908	-13.739
0.827	0.106	-13.739
0.828	0.106	-13.739
0.829	0.106	-13.739
0.830	0.106	-13.739
0.831	0.106	-13.739
0.832	0.106	-13.739
0.833	-0.908	-13.739
0.834	0.106	-13.739
0.835	-0.908	-12.731
0.836	0.106	-13.739
0.837	0.106	-12.731
0.838	0.106	-13.739
0.839	0.106	-12.731
0.840	0.106	-13.739
0.841	0.106	-13.739
0.842	0.106	-13.739
0.843	0.106	-13.739
0.844	0.106	-13.739
0.845	0.106	-12.731
0.846	0.106	-14.747
0.847	0.106	-13.739
0.848	0.106	-13.739
0.849	-0.908	-13.739
0.850	0.106	-13.739
0.851	0.106	-13.739
0.852	0.106	-13.739
0.853	0.106	-13.739
0.854	0.106	-13.739
0.855	0.106	-12.731
0.856	0.106	-13.739
0.857	-0.908	-13.739
0.858	0.106	-13.739
0.859	0.106	-13.739
0.860	0.106	-13.739
0.861	0.106	-12.731
0.862	0.106	-13.739
0.863	0.106	-13.739
0.864	0.106	-13.739
0.865	1.119	-12.731
0.866	0.106	-13.739
0.867	0.106	-13.739
0.868	-0.908	-13.739
0.869	0.106	-13.739
0.870	0.106	-13.739
0.871	0.106	-13.739
0.872	0.106	-13.739
0.873	-0.908	-13.739
0.874	-0.908	-14.747
0.875	-0.908	-13.739
0.876	0.106	-13.739
0.877	-0.908	-13.739
0.878	-0.908	-13.739
0.879	0.106	-13.739
0.880	0.106	-13.739
0.881	0.106	-13.739
0.882	0.106	-13.739
0.883	0.106	-13.739
0.884	0.106	-13.739
0.885	0.106	-13.739
0.886	0.106	-13.739
0.887	0.106	-12.731
0.888	-0.908	-13.739
0.889	0.106	-13.739
0.890	-0.908	-12.731
0.891	-0.908	-13.739
0.892	0.106	-13.739
0.893	-0.908	-12.731
0.894	-0.908	-13.739
0.895	0.106	-13.739
0.896	0.106	-12.731
0.897	-0.908	-13.739
0.898	0.106	-13.739
0.899	0.106	-12.731
0.900	-0.908	-13.739
0.901	0.106	-14.747
0.902	0.106	-13.739
0.903	0.106	-13.739
0.904	0.106	-13.739
0.905	-0.908	-13.739
0.906	0.106	-13.739
0.907	0.106	-13.739
0.908	0.106	-13.739
0.909	0.106	-13.739
0.910	0.106	-13.739
0.911	0.106	-13.739
0.912	0.106	-13.739
0.913	0.106	-13.739
0.914	0.106	-13.739
0.915	-0.908	-13.739
0.916	-0.908	-13.739
0.917	0.106	-13.739
0.918	-0.908	-13.739
0.919	0.106	-13.739
0.920	-0.908	-12.731
0.921	-0.908	-13.739
0.922	0.106	-12.731
0.923	0.106	-13.739
0.924	0.106	-13.739
0.925	0.106	-14.747
0.926	0.106	-13.739
0.927	0.106	-13.739
0.928	0.106	-13.739
0.929	0.106	-13.739
0.930	0.106	-13.739
0.931	0.106	-13.739
0.932	0.106	-13.739
0.933	0.106	-13.739
0.934	0.106	-13.739
0.935	0.106	-13.739
0.936	0.106	-13.739
0.937	0.106	-13.739
0.938	0.106	-12.731
0.939	0.106	-13.739
0.940	0.106	-13.739
0.941	-0.908	-13.739
0.942	0.106	-13.739
0.943	-0.908	-13.739
0.944	0.106	-13.739
0.945	-1.922	-13.739
0.946	0.106	-13.739
0.947	0.106	-13.739
0.948	0.106	-13.739
0.949	0.106	-12.731
0.950	0.106	-13.739
0.951	0.106	-13.739
0.952	-0.908	-13.739
0.953	-0.908	-13.739
0.954	0.106	-13.739
0.955	0.106	-13.739
0.956	-0.908	-13.739
0.957	0.106	-13.739
0.958	-0.908	-14.747
0.959	-0.908	-13.739
0.960	-0.908	-14.747
0.961	0.106	-14.747
0.962	0.106	-14.747
0.963	0.106	-13.739
0.964	0.106	-14.747
0.965	-0.908	-14.747
0.966	-0.908	-14.747
0.967	0.106	-13.739
0.968	-0.908	-14.747
0.969	0.106	-13.739
0.970	-0.908	-14.747
0.971	-0.908	-13.739
0.972	0.106	-13.739
0.973	-0.908	-14.747
0.974	-0.908	-13.739
0.975	0.106	-14.747
0.976	-0.908	-14.747
0.977	-0.908	-15.756
0.978	-0.908	-14.747
0.979	-0.908	-14.747
0.980	0.106	-14.747
0.981	-0.908	-15.756
0.982	-0.908	-14.747
0.983	-1.922	-15.756
0.984	-0.908	-15.756
0.985	-0.908	-15.756
0.986	-1.922	-15.756
0.987	-0.908	-15.756
0.988	-1.922	-15.756
0.989	-1.922	-15.756
0.990	-1.922	-15.756
0.991	-1.922	-15.756
0.992	-1.922	-16.764
0.993	-1.922	-16.764
0.994	-2.935	-16.764
0.995	-1.922	-16.764
0.996	-2.935	-16.764
0.997	-1.922	-16.764
0.998	-2.935	-16.764
0.999	-3.949	-17.772
1.000	-2.935	-17.772
1.001	-3.949	-17.772
1.002	-4.963	-17.772
1.003	-4.963	-16.764
1.004	-3.949	-17.772
1.005	-3.949	-17.772
1.006	-4.963	-18.780
1.007	-5.977	-19.788
1.008	-5.977	-19.788
1.009	-6.990	-18.780
1.010	-6.990	-19.788
1.011	-6.990	-18.780
1.012	-8.004	-19.788
1.013	-8.004	-20.796
1.014	-8.004	-19.788
1.015	-10.031	-19.788
1.016	-9.018	-19.788
1.017	-11.045	-20.796
1.018	-12.059	-20.796
1.019	-13.072	-20.796
1.020	-14.086	-20.796
1.021	-14.086	-20.796
1.022	-16.113	-20.796
1.023	-17.127	-19.788
1.024	-18.141	-20.796
1.025	-18.141	-20.796
1.026	-20.168	-20.796
1.027	-20.168	-21.804
1.028	-23.209	-20.796
1.029	-24.223	-19.788
1.030	-25.237	-18.780
1.031	-27.264	-18.780
1.032	-28.278	-18.780
1.033	-29.291	-18.780
1.034	-30.305	-18.780
1.035	-31.319	-17.772
1.036	-33.346	-17.772
1.037	-34.360	-16.764
1.038	-36.387	-16.764
1.039	-37.401	-15.756
1.040	-38.414	-15.756
1.041	-39.428	-14.747
1.042	-40.442	-14.747
1.043	-42.469	-13.739
1.044	-43.483	-12.731
1.045	-45.510	-11.723
1.046	-45.510	-11.723
1.047	-46.524	-10.715
1.048	-48.551	-8.699
1.049	-50.579	-7.691
1.050	-51.592	-6.683
1.051	-52.606	-5.675
1.052	-53.620	-4.666
1.053	-55.647	-2.650
1.054	-56.661	-2.650
1.055	-57.674	1.382
1.056	-58.688	1.382
1.057	-59.702	3.398
1.058	-60.715	4.406
1.059	-62.743	6.423
1.060	-63.757	8.439
1.061	-64.770	9.447
1.062	-65.784	11.463
1.063	-66.798	12.471
1.064	-68.825	14.487
1.065	-68.825	16.504
1.066	-69.839	18.520
1.067	-72.880	20.536
1.068	-72.880	21.544
1.069	-73.893	23.560
1.070	-74.907	24.568
1.071	-75.921	26.585
1.072	-77.948	28.601
1.073	-77.948	29.609
1.074	-78.962	30.617
1.075	-79.976	32.633
1.076	-82.003	33.641
1.077	-83.017	35.658
1.078	-83.017	36.666
1.079	-85.044	37.674
1.080	-85.044	38.682
1.081	-86.058	37.674
1.082	-87.071	40.698
1.083	-86.058	40.698
1.084	-89.099	43.722
1.085	-90.112	44.730
1.086	-91.126	44.730
1.087	-92.140	45.739
1.088	-93.153	47.755
1.089	-93.153	47.755
1.090	-94.167	48.763
1.091	-95.181	49.771
1.092	-96.194	50.779
1.093	-97.208	51.787
1.094	-98.222	52.795
1.095	-98.222	53.803
1.096	-99.236	54.811
1.097	-100.249	55.820
1.098	-100.249	57.836
1.099	-101.263	58.844
1.100	-102.277	59.852
1.101	-102.277	60.860
1.102	-103.290	62.876
1.103	-103.290	63.884
1.104	-104.304	65.901
1.105	-105.318	66.909
1.106	-105.318	67.917
1.107	-106.331	69.933
1.108	-106.331	71.949
1.109	-107.345	72.957
1.110	-107.345	74.973
1.111	-108.359	76.990
1.112	-108.359	77.998
1.113	-109.372	81.022
1.114	-110.386	82.030
1.115	-110.386	84.046
1.116	-111.400	86.063
1.117	-110.386	88.079
1.118	-111.400	90.095
1.119	-112.413	92.111
1.120	-113.427	93.119
1.121	-113.427	96.144
1.122	-114.441	98.160
1.123	-114.441	100.176
1.124	-114.441	102.192
1.125	-113.427	104.208
1.126	-115.454	105.216
1.127	-115.454	107.233
1.128	-116.468	108.241
1.129	-116.468	111.265
1.130	-117.482	113.281
1.131	-117.482	114.289
1.132	-118.496	115.297
1.133	-117.482	118.322
1.134	-118.496	119.330
1.135	-118.496	121.346
1.136	-119.509	122.354
1.137	-120.523	124.370
1.138	-120.523	126.387
1.139	-121.537	125.378
1.140	-121.537	128.403
1.141	-122.550	129.411
1.142	-123.564	131.427
1.143	-123.564	132.435
1.144	-123.564	133.443
1.145	-124.578	134.451
1.146	-124.578	136.468
1.147	-125.591	137.476
1.148	-125.591	139.492
1.149	-126.605	140.500
1.150	-126.605	141.508
1.151	-127.619	143.524
1.152	-127.619	145.540
1.153	-128.632	146.549
1.154	-128.632	147.557
1.155	-129.646	148.565
1.156	-129.646	151.589
1.157	-130.660	151.589
1.158	-130.660	154.613
1.159	-130.660	155.621
1.160	-131.673	157.638
1.161	-131.673	158.646
1.162	-132.687	161.670
1.163	-132.687	161.670
1.164	-132.687	163.686
1.165	-134.714	165.702
1.166	-132.687	165.702
1.167	-134.714	167.719
1.168	-134.714	168.727
1.169	-134.714	169.735
1.170	-134.714	172.759
1.171	-135.728	173.767
1.172	-135.728	174.775
1.173	-136.742	175.783
1.174	-136.742	176.792
1.175	-137.756	178.808
1.176	-136.742	179.816
1.177	-137.756	180.824
1.178	-137.756	181.832
1.179	-137.756	182.840
1.180	-138.769	184.856
1.181	-138.769	184.856
1.182	-138.769	185.864
1.183	-138.769	187.881
1.184	-138.769	188.889
1.185	-138.769	189.897
1.186	-139.783	189.897
1.187	-139.783	191.913
1.188	-139.783	191.913
1.189	-140.797	193.929
1.190	-141.810	193.929
1.191	-139.783	195.945
1.192	-141.810	196.954
1.193	-141.810	196.954
1.194	-141.810	197.962
1.195	-141.810	199.978
1.196	-141.810	200.986
1.197	-141.810	200.986
1.198	-142.824	201.994
1.199	-142.824	203.002
1.200	-142.824	204.010
1.201	-142.824	205.018
1.202	-142.824	206.026
1.203	-143.838	207.035
1.204	-142.824	208.043
1.205	-143.838	209.051
1.206	-143.838	210.059
1.207	-142.824	210.059
1.208	-143.838	212.075
1.209	-144.851	212.075
1.210	-143.838	214.091
1.211	-144.851	214.091
1.212	-144.851	215.099
1.213	-144.851	216.107
1.214	-144.851	217.116
1.215	-145.865	218.124
1.216	-145.865	219.132
1.217	-145.865	220.140
1.218	-145.865	220.140
1.219	-146.879	221.148
1.220	-145.865	221.148
1.221	-146.879	224.172
1.222	-146.879	223.164
1.223	-147.892	223.164
1.224	-147.892	224.172
1.225	-146.879	224.172
1.226	-147.892	225.180
1.227	-148.906	226.188
1.228	-148.906	227.197
1.229	-148.906	227.197
1.230	-148.906	228.205
1.231	-149.920	229.213
1.232	-149.920	229.213
1.233	-149.920	230.221
1.234	-149.920	230.221
1.235	-149.920	231.229
1.236	-149.920	233.245
1.237	-149.920	233.245
1.238	-150.933	233.245
1.239	-149.920	234.253
1.240	-149.920	234.253
1.241	-150.933	235.261
1.242	-149.920	236.269
1.243	-149.920	237.278
1.244	-150.933	237.278
1.245	-149.920	238.286
1.246	-150.933	238.286
1.247	-149.920	239.294
1.248	-149.920	239.294
1.249	-150.933	240.302
1.250	-150.933	242.318
1.251	-150.933	240.302
1.252	-150.933	242.318
1.253	-149.920	242.318
1.254	-150.933	243.326
1.255	-149.920	244.334
1.256	-150.933	244.334
1.257	-149.920	245.342
1.258	-149.920	246.350
1.259	-150.933	246.350
1.260	-150.933	247.359
1.261	-150.933	247.359
1.262	-149.920	249.375
1.263	-149.920	249.375
1.264	-149.920	249.375
1.265	-150.933	250.383
1.266	-149.920	250.383
1.267	-149.920	251.391
1.268	-150.933	252.399
1.269	-150.933	252.399
1.270	-149.920	253.407
1.271	-149.920	253.407
1.272	-150.933	254.415
1.273	-149.920	254.415
1.274	-149.920	254.415
1.275	-149.920	255.423
1.276	-149.920	255.423
1.277	-150.933	257.440
1.278	-151.947	257.440
1.279	-150.933	259.456
1.280	-150.933	258.448
1.281	-150.933	259.456
1.282	-151.947	259.456
1.283	-150.933	259.456
1.284	-151.947	259.456
1.285	-151.947	260.464
1.286	-151.947	259.456
1.287	-150.933	261.472
1.288	-151.947	261.472
1.289	-151.947	261.472
1.290	-152.961	262.480
1.291	-152.961	262.480
1.292	-153.974	262.480
1.293	-152.961	262.480
1.294	-152.961	263.488
1.295	-153.974	262.480
1.296	-153.974	263.488
1.297	-153.974	264.496
1.298	-153.974	264.496
1.299	-153.974	264.496
1.300	-154.988	263.488
1.301	-154.988	265.504
1.302	-154.988	264.496
1.303	-154.988	265.504
1.304	-154.988	264.496
1.305	-156.002	265.504
1.306	-156.002	265.504
1.307	-156.002	263.488
1.308	-156.002	266.512
1.309	-157.016	265.504
1.310	-157.016	266.512
1.311	-157.016	266.512
1.312	-158.029	265.504
1.313	-158.029	265.504
1.314	-158.029	265.504
1.315	-158.029	265.504
1.316	-159.043	265.504
1.317	-158.029	265.504
1.318	-159.043	265.504
1.319	-159.043	266.512
1.320	-159.043	266.512
1.321	-160.057	266.512
1.322	-160.057	265.504
1.323	-161.070	265.504
1.324	-161.070	266.512
1.325	-161.070	266.512
1.326	-162.084	266.512
1.327	-162.084	265.504
1.328	-162.084	265.504
1.329	-162.084	265.504
1.330	-162.084	266.512
1.331	-163.098	265.504
1.332	-163.098	266.512
1.333	-163.098	265.504
1.334	-163.098	266.512
1.335	-165.125	265.504
1.336	-164.111	266.512
1.337	-165.125	266.512
1.338	-166.139	266.512
1.339	-165.125	266.512
1.340	-165.125	266.512
1.341	-166.139	267.521
1.342	-166.139	266.512
1.343	-166.139	266.512
1.344	-167.152	267.521
1.345	-167.152	266.512
1.346	-167.152	267.521
1.347	-167.152	266.512
1.348	-167.152	267.521
1.349	-168.166	268.529
1.350	-169.180	268.529
1.351	-169.180	268.529
1.352	-169.180	268.529
1.353	-169.180	268.529
1.354	-170.193	268.529
1.355	-169.180	269.537
1.356	-170.193	268.529
1.357	-170.193	268.529
1.358	-171.207	269.537
1.359	-171.207	269.537
1.360	-171.207	269.537
1.361	-172.221	269.537
1.362	-172.221	269.537
1.363	-172.221	269.537
1.364	-172.221	269.537
1.365	-174.248	269.537
1.366	-173.235	270.545
1.367	-174.248	270.545
1.368	-174.248	269.537
1.369	-174.248	270.545
1.370	-175.262	270.545
1.371	-175.262	270.545
1.372	-175.262	271.553
1.373	-175.262	270.545
1.374	-175.262	271.553
1.375	-176.276	272.561
1.376	-176.276	272.561
1.377	-177.289	272.561
1.378	-177.289	272.561
1.379	-177.289	272.561
1.380	-178.303	272.561
1.381	-178.303	273.569
1.382	-178.303	273.569
1.383	-179.317	274.577
1.384	-179.317	274.577
1.385	-180.330	274.577
1.386	-179.317	274.577
1.387	-180.330	274.577
1.388	-180.330	275.585
1.389	-180.330	275.585
1.390	-181.344	275.585
1.391	-181.344	276.593
1.392	-181.344	277.602
1.393	-182.358	278.610
1.394	-182.358	277.602
1.395	-183.371	278.610
1.396	-183.371	278.610
1.397	-184.385	279.618
1.398	-184.385	279.618
1.399	-184.385	279.618
1.400	-184.385	280.626
1.401	-185.399	281.634
1.402	-185.399	281.634
1.403	-186.412	281.634
1.404	-186.412	282.642
1.405	-186.412	282.642
1.406	-187.426	282.642
1.407	-188.440	283.650
1.408	-187.426	283.650
1.409	-188.440	284.658
1.410	-188.440	284.658
1.411	-188.440	285.666
1.412	-189.453	285.666
1.413	-189.453	285.666
1.414	-189.453	286.674
1.415	-190.467	285.666
1.416	-190.467	287.683
1.417	-190.467	287.683
1.418	-191.481	287.683
1.419	-191.481	287.683
1.420	-192.495	290.707
1.421	-191.481	288.691
1.422	-192.495	289.699
1.423	-192.495	289.699
1.424	-193.508	290.707
1.425	-193.508	290.707
1.426	-194.522	291.715
1.427	-194.522	290.707
1.428	-194.522	292.723
1.429	-194.522	291.715
1.430	-194.522	292.723
1.431	-196.549	293.731
1.432	-195.536	293.731
1.433	-196.549	292.723
1.434	-196.549	293.731
1.435	-195.536	293.731
1.436	-196.549	293.731
1.437	-197.563	294.739
1.438	-197.563	294.739
1.439	-198.577	294.739
1.440	-198.577	295.747
1.441	-198.577	295.747
1.442	-199.590	296.755
1.443	-198.577	295.747
1.444	-198.577	296.755
1.445	-200.604	297.764
1.446	-199.590	297.764
1.447	-200.604	297.764
1.448	-200.604	297.764
1.449	-200.604	297.764
1.450	-201.618	298.772
1.451	-201.618	298.772
1.452	-201.618	298.772
1.453	-201.618	298.772
1.454	-202.631	299.780
1.455	-201.618	300.788
1.456	-203.645	300.788
1.457	-203.645	300.788
1.458	-202.631	300.788
1.459	-202.631	300.788
1.460	-203.645	300.788
1.461	-203.645	301.796
1.462	-204.659	301.796
1.463	-203.645	301.796
1.464	-203.645	301.796
1.465	-204.659	302.804
1.466	-205.672	301.796
1.467	-204.659	300.788
1.468	-205.672	301.796
1.469	-204.659	302.804
1.470	-205.672	302.804
1.471	-206.686	302.804
1.472	-206.686	302.804
1.473	-205.672	302.804
1.474	-206.686	302.804
1.475	-205.672	303.812
1.476	-206.686	303.812
1.477	-206.686	301.796
1.478	-206.686	304.820
1.479	-207.700	303.812
1.480	-207.700	304.820
1.481	-207.700	303.812
1.482	-207.700	303.812
1.483	-207.700	303.812
1.484	-208.713	304.820
1.485	-208.713	303.812
1.486	-207.700	304.820
1.487	-208.713	304.820
1.488	-209.727	304.820
1.489	-209.727	304.820
1.490	-209.727	305.828
1.491	-209.727	305.828
1.492	-209.727	305.828
1.493	-210.741	305.828
1.494	-209.727	304.820
1.495	-210.741	305.828
1.496	-210.741	305.828
1.497	-210.741	305.828
1.498	-210.741	305.828
1.499	-210.741	306.836
1.500	-210.741	305.828
1.501	-210.741	305.828
1.502	-210.741	305.828
1.503	-211.755	305.828
1.504	-210.741	304.820
1.505	-211.755	305.828
1.506	-210.741	306.836
1.507	-211.755	306.836
1.508	-211.755	306.836
1.509	-211.755	306.836
1.510	-211.755	305.828
1.511	-211.755	306.836
1.512	-212.768	306.836
1.513	-212.768	306.836
1.514	-212.768	306.836
1.515	-211.755	305.828
1.516	-212.768	306.836
1.517	-212.768	306.836
1.518	-212.768	306.836
1.519	-212.768	306.836
1.520	-212.768	305.828
1.521	-212.768	306.836
1.522	-212.768	306.836
1.523	-212.768	306.836
1.524	-212.768	306.836
1.525	-211.755	306.836
1.526	-213.782	306.836
1.527	-212.768	306.836
1.528	-213.782	306.836
1.529	-213.782	307.845
1.530	-212.768	308.853
1.531	-213.782	307.845
1.532	-213.782	308.853
1.533	-212.768	306.836
1.534	-212.768	308.853
1.535	-213.782	308.853
1.536	-213.782	308.853
1.537	-213.782	308.853
1.538	-213.782	309.861
1.539	-213.782	309.861
1.540	-213.782	309.861
1.541	-213.782	309.861
1.542	-214.796	309.861
1.543	-214.796	310.869
1.544	-213.782	310.869
1.545	-213.782	310.869
1.546	-214.796	310.869
1.547	-214.796	311.877
1.548	-214.796	311.877
1.549	-214.796	310.869
1.550	-213.782	311.877
1.551	-214.796	311.877
1.552	-213.782	311.877
1.553	-214.796	311.877
1.554	-214.796	312.885
1.555	-214.796	312.885
1.556	-214.796	313.893
1.557	-215.809	312.885
1.558	-214.796	313.893
1.559	-214.796	314.901
1.560	-215.809	311.877
1.561	-214.796	313.893
1.562	-215.809	314.901
1.563	-215.809	314.901
1.564	-215.809	314.901
1.565	-215.809	315.909
1.566	-215.809	314.901
1.567	-215.809	315.909
1.568	-215.809	315.909
1.569	-215.809	315.909
1.570	-216.823	315.909
1.571	-216.823	315.909
1.572	-216.823	316.917
1.573	-216.823	317.926
1.574	-216.823	317.926
1.575	-217.837	317.926
1.576	-217.837	318.934
1.577	-217.837	318.934
1.578	-217.837	318.934
1.579	-217.837	318.934
1.580	-217.837	318.934
1.581	-217.837	318.934
1.582	-217.837	319.942
1.583	-218.850	319.942
1.584	-218.850	319.942
1.585	-218.850	319.942
1.586	-218.850	319.942
1.587	-218.850	319.942
1.588	-218.850	319.942
1.589	-219.864	319.942
1.590	-219.864	320.950
1.591	-219.864	320.950
1.592	-219.864	320.950
1.593	-219.864	320.950
1.594	-219.864	320.950
1.595	-220.878	320.950
1.596	-219.864	321.958
1.597	-220.878	320.950
1.598	-220.878	321.958
1.599	-220.878	322.966
1.600	-220.878	322.966
1.601	-220.878	322.966
1.602	-220.878	322.966
1.603	-221.891	322.966
1.604	-221.891	322.966
1.605	-221.891	322.966
1.606	-221.891	322.966
1.607	-221.891	323.974
1.608	-221.891	322.966
1.609	-222.905	323.974
1.610	-221.891	323.974
1.611	-222.905	324.982
1.612	-222.905	324.982
1.613	-222.905	324.982
1.614	-222.905	322.966
1.615	-223.919	324.982
1.616	-223.919	324.982
1.617	-222.905	325.990
1.618	-223.919	324.982
1.619	-223.919	325.990
1.620	-223.919	324.982
1.621	-223.919	325.990
1.622	-223.919	325.990
1.623	-223.919	325.990
1.624	-223.919	325.990
1.625	-223.919	325.990
1.626	-223.919	325.990
1.627	-223.919	325.990
1.628	-224.932	325.990
1.629	-224.932	325.990
1.630	-224.932	325.990
1.631	-224.932	325.990
1.632	-224.932	325.990
1.633	-225.946	326.998
1.634	-225.946	325.990
1.635	-224.932	326.998
1.636	-223.919	326.998
1.637	-225.946	326.998
1.638	-225.946	326.998
1.639	-225.946	326.998
1.640	-226.960	326.998
1.641	-225.946	325.990
1.642	-225.946	328.007
1.643	-225.946	326.998
1.644	-226.960	326.998
1.645	-225.946	326.998
1.646	-226.960	326.998
1.647	-226.960	328.007
1.648	-226.960	326.998
1.649	-226.960	325.990
1.650	-226.960	326.998
1.651	-226.960	328.007
1.652	-227.973	326.998
1.653	-227.973	328.007
1.654	-227.973	328.007
1.655	-227.973	326.998
1.656	-227.973	326.998
1.657	-227.973	326.998
1.658	-227.973	328.007
1.659	-227.973	328.007
1.660	-227.973	328.007
1.661	-228.987	328.007
1.662	-228.987	328.007
1.663	-227.973	326.998
1.664	-228.987	328.007
1.665	-228.987	328.007
1.666	-228.987	328.007
1.667	-228.987	329.015
1.668	-228.987	329.015
1.669	-230.001	328.007
1.670	-228.987	328.007
1.671	-230.001	328.007
1.672	-230.001	329.015
1.673	-230.001	329.015
1.674	-230.001	329.015
1.675	-231.015	328.007
1.676	-230.001	329.015
1.677	-228.987	330.023
1.678	-230.001	329.015
1.679	-231.015	330.023
1.680	-230.001	329.015
1.681	-231.015	329.015
1.682	-230.001	330.023
1.683	-231.015	330.023
1.684	-231.015	330.023
1.685	-231.015	331.031
1.686	-232.028	330.023
1.687	-231.015	330.023
1.688	-231.015	331.031
1.689	-231.015	330.023
1.690	-231.015	330.023
1.691	-231.015	330.023
1.692	-232.028	330.023
1.693	-232.028	331.031
1.694	-232.028	330.023
1.695	-231.015	330.023
1.696	-232.028	332.039
1.697	-232.028	331.031
1.698	-232.028	331.031
1.699	-232.028	331.031
1.700	-233.042	331.031
1.701	-233.042	330.023
1.702	-232.028	331.031
1.703	-233.042	331.031
1.704	-233.042	331.031
1.705	-232.028	332.039
1.706	-233.042	331.031
1.707	-234.056	331.031
1.708	-233.042	331.031
1.709	-234.056	331.031
1.710	-234.056	331.031
1.711	-234.056	331.031
1.712	-234.056	331.031
1.713	-234.056	331.031
1.714	-233.042	333.047
1.715	-235.069	331.031
1.716	-234.056	332.039
1.717	-235.069	331.031
1.718	-235.069	332.039
1.719	-234.056	331.031
1.720	-235.069	332.039
1.721	-235.069	332.039
1.722	-234.056	332.039
1.723	-235.069	331.031
1.724	-235.069	331.031
1.725	-236.083	333.047
1.726	-235.069	332.039
1.727	-235.069	331.031
1.728	-235.069	332.039
1.729	-235.069	331.031
1.730	-235.069	331.031
1.731	-235.069	332.039
1.732	-235.069	332.039
1.733	-235.069	332.039
1.734	-235.069	331.031
1.735	-236.083	331.031
1.736	-234.056	332.039
1.737	-236.083	331.031
1.738	-235.069	331.031
1.739	-236.083	332.039
1.740	-236.083	333.047
1.741	-235.069	332.039
1.742	-236.083	332.039
1.743	-236.083	332.039
1.744	-235.069	332.039
1.745	-235.069	331.031
1.746	-236.083	331.031
1.747	-236.083	332.039
1.748	-236.083	331.031
1.749	-236.083	332.039
1.750	-236.083	332.039
1.751	-236.083	332.039
1.752	-237.097	331.031
1.753	-236.083	333.047
1.754	-237.097	333.047
1.755	-236.083	332.039
1.756	-236.083	333.047
1.757	-237.097	332.039
1.758	-236.083	333.047
1.759	-237.097	333.047
1.760	-237.097	332.039
1.761	-236.083	332.039
1.762	-237.097	332.039
1.763	-237.097	332.039
1.764	-237.097	332.039
1.765	-237.097	333.047
1.766	-237.097	333.047
1.767	-237.097	332.039
1.768	-238.110	333.047
1.769	-238.110	333.047
1.770	-237.097	332.039
1.771	-238.110	332.039
1.772	-238.110	333.047
1.773	-239.124	333.047
1.774	-239.124	333.047
1.775	-239.124	332.039
1.776	-238.110	333.047
1.777	-239.124	333.047
1.778	-239.124	333.047
1.779	-239.124	332.039
1.780	-239.124	331.031
1.781	-240.138	333.047
1.782	-239.124	332.039
1.783	-240.138	334.055
1.784	-240.138	333.047
1.785	-240.138	333.047
1.786	-240.138	332.039
1.787	-240.138	334.055
1.788	-240.138	333.047
1.789	-240.138	334.055
1.790	-241.151	334.055
1.791	-241.151	334.055
1.792	-241.151	334.055
1.793	-241.151	334.055
1.794	-241.151	334.055
1.795	-241.151	333.047
1.796	-241.151	334.055
1.797	-242.165	334.055
1.798	-241.151	334.055
1.799	-241.151	334.055
1.800	-242.165	334.055
1.801	-242.165	334.055
1.802	-242.165	334.055
1.803	-242.165	334.055
1.804	-242.165	334.055
1.805	-242.165	333.047
1.806	-242.165	334.055
1.807	-242.165	335.063
1.808	-243.179	334.055
1.809	-243.179	334.055
1.810	-243.179	334.055
1.811	-243.179	334.055
1.812	-244.192	335.063
1.813	-242.165	333.047
1.814	-243.179	334.055
1.815	-243.179	334.055
1.816	-244.192	335.063
1.817	-243.179	335.063
1.818	-244.192	335.063
1.819	-244.192	334.055
1.820	-244.192	334.055
1.821	-244.192	334.055
1.822	-244.192	334.055
1.823	-244.192	334.055
1.824	-244.192	334.055
1.825	-245.206	334.055
1.826	-244.192	334.055
1.827	-244.192	334.055
1.828	-244.192	334.055
1.829	-245.206	334.055
1.830	-244.192	334.055
1.831	-244.192	333.047
1.832	-244.192	334.055
1.833	-244.192	334.055
1.834	-245.206	334.055
1.835	-244.192	334.055
1.836	-244.192	335.063
1.837	-244.192	334.055
1.838	-244.192	334.055
1.839	-244.192	334.055
1.840	-244.192	335.063
1.841	-244.192	336.071
1.842	-245.206	334.055
1.843	-244.192	335.063
1.844	-244.192	335.063
1.845	-244.192	335.063
1.846	-244.192	335.063
1.847	-244.192	336.071
1.848	-245.206	335.063
1.849	-244.192	335.063
1.850	-244.192	335.063
1.851	-244.192	335.063
1.852	-244.192	335.063
1.853	-245.206	335.063
1.854	-244.192	335.063
1.855	-245.206	336.071
1.856	-245.206	336.071
1.857	-245.206	336.071
1.858	-245.206	335.063
1.859	-244.192	335.063
1.860	-244.192	335.063
1.861	-244.192	336.071
1.862	-244.192	335.063
1.863	-244.192	335.063
1.864	-245.206	336.071
1.865	-244.192	336.071
1.866	-244.192	335.063
1.867	-245.206	336.071
1.868	-244.192	335.063
1.869	-245.206	336.071
1.870	-245.206	335.063
1.871	-244.192	335.063
1.872	-244.192	335.063
1.873	-244.192	333.047
1.874	-244.192	335.063
1.875	-245.206	335.063
1.876	-244.192	335.063
1.877	-244.192	335.063
1.878	-244.192	335.063
1.879	-245.206	335.063
1.880	-245.206	335.063
1.881	-245.206	335.063
1.882	-244.192	334.055
1.883	-245.206	335.063
1.884	-245.206	334.055
1.885	-244.192	335.063
1.886	-244.192	335.063
1.887	-245.206	335.063
1.888	-244.192	335.063
1.889	-244.192	334.055
1.890	-245.206	335.063
1.891	-245.206	334.055
1.892	-244.192	335.063
1.893	-245.206	335.063
1.894	-245.206	334.055
1.895	-244.192	335.063
1.896	-244.192	336.071
1.897	-244.192	335.063
1.898	-244.192	335.063
1.899	-245.206	335.063
1.900	-244.192	334.055
1.901	-244.192	335.063
1.902	-245.206	334.055
1.903	-244.192	334.055
1.904	-244.192	334.055
1.905	-244.192	334.055
1.906	-245.206	334.055
1.907	-244.192	334.055
1.908	-244.192	334.055
1.909	-245.206	333.047
1.910	-245.206	334.055
1.911	-244.192	334.055
1.912	-244.192	334.055
1.913	-244.192	334.055
1.914	-245.206	334.055
1.915	-244.192	334.055
1.916	-244.192	333.047
1.917	-245.206	333.047
1.918	-244.192	333.047
1.919	-244.192	333.047
1.920	-244.192	334.055
1.921	-244.192	333.047
1.922	-244.192	333.047
1.923	-244.192	334.055
1.924	-244.192	333.047
1.925	-245.206	332.039
1.926	-244.192	333.047
1.927	-245.206	333.047
1.928	-245.206	333.047
1.929	-244.192	331.031
1.930	-245.206	334.055
1.931	-244.192	333.047
1.932	-244.192	333.047
1.933	-244.192	333.047
1.934	-244.192	332.039
1.935	-245.206	332.039
1.936	-244.192	333.047
1.937	-244.192	332.039
1.938	-244.192	333.047
1.939	-244.192	332.039
1.940	-244.192	333.047
1.941	-244.192	332.039
1.942	-245.206	332.039
1.943	-245.206	332.039
1.944	-244.192	332.039
1.945	-244.192	332.039
1.946	-245.206	332.039
1.947	-244.192	333.047
1.948	-244.192	332.039
1.949	-244.192	331.031
1.950	-244.192	332.039
1.951	-244.192	331.031
1.952	-245.206	331.031
1.953	-244.192	331.031
1.954	-244.192	331.031
1.955	-244.192	331.031
1.956	-244.192	332.039
1.957	-244.192	331.031
1.958	-245.206	329.015
1.959	-244.192	331.031
1.960	-244.192	331.031
1.961	-244.192	332.039
1.962	-244.192	331.031
1.963	-244.192	331.031
1.964	-244.192	331.031
1.965	-245.206	331.031
1.966	-244.192	331.031
1.967	-244.192	331.031
1.968	-244.192	331.031
1.969	-244.192	331.031
1.970	-244.192	331.031
1.971	-244.192	331.031
1.972	-244.192	332.039
1.973	-243.179	331.031
1.974	-244.192	330.023
1.975	-244.192	331.031
1.976	-245.206	329.015
1.977	-244.192	330.023
1.978	-244.192	330.023
1.979	-244.192	331.031
1.980	-244.192	330.023
1.981	-244.192	330.023
1.982	-243.179	330.023
1.983	-243.179	330.023
1.984	-244.192	330.023
1.985	-244.192	330.023
1.986	-244.192	330.023
1.987	-243.179	330.023
1.988	-244.192	330.023
1.989	-244.192	329.015
1.990	-244.192	330.023
1.991	-244.192	330.023
1.992	-244.192	330.023
1.993	-244.192	330.023
1.994	-244.192	330.023
1.995	-245.206	329.015
1.996	-244.192	329.015
1.997	-244.192	329.015
1.998	-244.192	330.023
1.999	-244.192	329.015
2.000	-244.192	329.015
2.001	-244.192	329.015
2.002	-244.192	330.023
2.003	-244.192	329.015
2.004	-243.179	329.015
2.005	-244.192	329.015
2.006	-243.179	329.015
2.007	-244.192	328.007
2.008	-243.179	329.015
2.009	-243.179	329.015
2.010	-244.192	328.007
2.011	-244.192	330.023
2.012	-243.179	328.007
2.013	-243.179	328.007
2.014	-243.179	328.007
2.015	-243.179	328.007
2.016	-243.179	328.007
2.017	-244.192	328.007
2.018	-243.179	328.007
2.019	-243.179	328.007
2.020	-243.179	328.007
2.021	-242.165	328.007
2.022	-243.179	328.007
2.023	-243.179	329.015
2.024	-243.179	328.007
2.025	-244.192	326.998
2.026	-243.179	328.007
2.027	-244.192	328.007
2.028	-243.179	328.007
2.029	-243.179	328.007
2.030	-243.179	328.007
2.031	-243.179	328.007
2.032	-243.179	328.007
2.033	-243.179	326.998
2.034	-243.179	328.007
2.035	-244.192	328.007
2.036	-244.192	328.007
2.037	-243.179	328.007
2.038	-242.165	328.007
2.039	-243.179	328.007
2.040	-243.179	328.007
2.041	-243.179	328.007
2.042	-243.179	328.007
2.043	-243.179	329.015
2.044	-243.179	328.007
2.045	-243.179	328.007
2.046	-243.179	328.007
2.047	-243.179	328.007
2.048	-243.179	329.015
2.049	-243.179	328.007
2.050	-243.179	328.007
2.051	-244.192	329.015
2.052	-243.179	328.007
2.053	-243.179	328.007
2.054	-243.179	329.015
2.055	-243.179	328.007
2.056	-243.179	328.007
2.057	-244.192	328.007
2.058	-243.179	328.007
2.059	-244.192	328.007
2.060	-244.192	328.007
2.061	-244.192	328.007
2.062	-244.192	328.007
2.063	-244.192	328.007
2.064	-244.192	328.007
2.065	-244.192	328.007
2.066	-244.192	328.007
2.067	-245.206	329.015
2.068	-244.192	328.007
2.069	-244.192	328.007
2.070	-244.192	328.007
2.071	-245.206	328.007
2.072	-245.206	329.015
2.073	-245.206	328.007
2.074	-244.192	330.023
2.075	-245.206	330.023
2.076	-245.206	328.007
2.077	-245.206	329.015
2.078	-245.206	329.015
2.079	-245.206	328.007
2.080	-246.220	329.015
2.081	-246.220	329.015
2.082	-246.220	329.015
2.083	-246.220	329.015
2.084	-246.220	328.007
2.085	-246.220	329.015
2.086	-246.220	330.023
2.087	-247.233	329.015
2.088	-247.233	330.023
2.089	-247.233	329.015
2.090	-247.233	329.015
2.091	-247.233	330.023
2.092	-247.233	330.023
2.093	-247.233	330.023
2.094	-248.247	330.023
2.095	-247.233	330.023
2.096	-246.220	330.023
2.097	-248.247	330.023
2.098	-248.247	330.023
2.099	-247.233	331.031
2.100	-248.247	330.023
2.101	-247.233	330.023
2.102	-249.261	330.023
2.103	-248.247	331.031
2.104	-249.261	330.023
2.105	-247.233	331.031
2.106	-249.261	332.039
2.107	-248.247	331.031
2.108	-250.275	332.039
2.109	-249.261	331.031
2.110	-249.261	333.047
2.111	-249.261	332.039
2.112	-250.275	332.039
2.113	-249.261	331.031
2.114	-250.275	333.047
2.115	-250.275	332.039
2.116	-249.261	333.047
2.117	-251.288	332.039
2.118	-250.275	333.047
2.119	-250.275	333.047
2.120	-251.288	333.047
2.121	-250.275	333.047
2.122	-251.288	332.039
2.123	-251.288	333.047
2.124	-251.288	333.047
2.125	-251.288	333.047
2.126	-252.302	333.047
2.127	-252.302	333.047
2.128	-252.302	333.047
2.129	-252.302	333.047
2.130	-252.302	333.047
2.131	-253.316	333.047
2.132	-252.302	334.055
2.133	-253.316	334.055
2.134	-252.302	334.055
2.135	-253.316	333.047
2.136	-253.316	333.047
2.137	-254.329	332.039
2.138	-255.343	333.047
2.139	-255.343	334.055
2.140	-255.343	333.047
2.141	-255.343	333.047
2.142	-255.343	334.055
2.143	-256.357	333.047
2.144	-255.343	334.055
2.145	-255.343	334.055
2.146	-256.357	334.055
2.147	-256.357	334.055
2.148	-256.357	334.055
2.149	-256.357	333.047
2.150	-256.357	334.055
2.151	-257.370	334.055
2.152	-257.370	334.055
2.153	-258.384	333.047
2.154	-259.398	334.055
2.155	-259.398	334.055
2.156	-259.398	334.055
2.157	-258.384	334.055
2.158	-259.398	334.055
2.159	-259.398	334.055
2.160	-259.398	334.055
2.161	-259.398	335.063
2.162	-260.411	334.055
2.163	-260.411	334.055
2.164	-260.411	334.055
2.165	-260.411	333.047
2.166	-260.411	335.063
2.167	-261.425	334.055
2.168	-261.425	335.063
2.169	-261.425	335.063
2.170	-261.425	335.063
2.171	-262.439	335.063
2.172	-262.439	335.063
2.173	-263.452	335.063
2.174	-263.452	335.063
2.175	-262.439	335.063
2.176	-263.452	336.071
2.177	-263.452	335.063
2.178	-263.452	336.071
2.179	-264.466	336.071
2.180	-263.452	336.071
2.181	-263.452	336.071
2.182	-264.466	336.071
2.183	-263.452	336.071
2.184	-264.466	337.079
2.185	-264.466	336.071
2.186	-264.466	337.079
2.187	-264.466	336.071
2.188	-265.480	336.071
2.189	-265.480	337.079
2.190	-264.466	338.088
2.191	-264.466	337.079
2.192	-264.466	338.088
2.193	-264.466	337.079
2.194	-265.480	338.088
2.195	-265.480	338.088
2.196	-265.480	337.079
2.197	-264.466	337.079
2.198	-264.466	336.071
2.199	-264.466	338.088
2.200	-264.466	338.088
2.201	-264.466	339.096
2.202	-265.480	337.079
2.203	-265.480	338.088
2.204	-265.480	338.088
2.205	-264.466	338.088
2.206	-264.466	339.096
2.207	-266.494	338.088
2.208	-265.480	338.088
2.209	-264.466	338.088
2.210	-264.466	339.096
2.211	-264.466	338.088
2.212	-264.466	338.088
2.213	-264.466	339.096
2.214	-265.480	337.079
2.215	-264.466	338.088
2.216	-264.466	338.088
2.217	-264.466	338.088
2.218	-264.466	338.088
2.219	-264.466	338.088
2.220	-263.452	338.088
2.221	-264.466	338.088
2.222	-264.466	338.088
2.223	-263.452	338.088
2.224	-264.466	338.088
2.225	-263.452	338.088
2.226	-263.452	339.096
2.227	-264.466	339.096
2.228	-264.466	338.088
2.229	-264.466	338.088
2.230	-263.452	338.088
2.231	-263.452	339.096
2.232	-263.452	338.088
2.233	-264.466	338.088
2.234	-264.466	338.088
2.235	-263.452	339.096
2.236	-263.452	338.088
2.237	-263.452	338.088
2.238	-263.452	338.088
2.239	-263.452	338.088
2.240	-263.452	338.088
2.241	-263.452	338.088
2.242	-263.452	339.096
2.243	-264.466	338.088
2.244	-264.466	338.088
2.245	-263.452	338.088
2.246	-263.452	338.088
2.247	-263.452	338.088
2.248	-264.466	338.088
2.249	-264.466	338.088
2.250	-264.466	338.088
2.251	-264.466	338.088
2.252	-264.466	339.096
2.253	-263.452	338.088
2.254	-264.466	338.088
2.255	-264.466	339.096
2.256	-264.466	336.071
2.257	-264.466	339.096
2.258	-264.466	338.088
2.259	-265.480	337.079
2.260	-264.466	338.088
2.261	-264.466	337.079
2.262	-264.466	338.088
2.263	-264.466	338.088
2.264	-264.466	337.079
2.265	-265.480	337.079
2.266	-264.466	337.079
2.267	-264.466	338.088
2.268	-264.466	337.079
2.269	-265.480	337.079
2.270	-264.466	337.079
2.271	-264.466	336.071
2.272	-264.466	336.071
2.273	-264.466	337.079
2.274	-265.480	336.071
2.275	-265.480	336.071
2.276	-266.494	336.071
2.277	-265.480	336.071
2.278	-265.480	337.079
2.279	-265.480	336.071
2.280	-266.494	336.071
2.281	-266.494	336.071
2.282	-266.494	336.071
2.283	-266.494	336.071
2.284	-266.494	336.071
2.285	-266.494	335.063
2.286	-266.494	336.071
2.287	-266.494	335.063
2.288	-266.494	335.063
2.289	-267.507	335.063
2.290	-267.507	335.063
2.291	-267.507	334.055
2.292	-267.507	335.063
2.293	-267.507	335.063
2.294	-267.507	335.063
2.295	-268.521	335.063
2.296	-267.507	335.063
2.297	-267.507	335.063
2.298	-267.507	335.063
2.299	-268.521	335.063
2.300	-267.507	335.063
2.301	-268.521	335.063
2.302	-268.521	335.063
2.303	-269.535	336.071
2.304	-269.535	334.055
2.305	-268.521	335.063
2.306	-269.535	335.063
2.307	-270.548	335.063
2.308	-270.548	335.063
2.309	-270.548	335.063
2.310	-270.548	335.063
2.311	-270.548	335.063
2.312	-270.548	335.063
2.313	-271.562	335.063
2.314	-271.562	334.055
2.315	-271.562	336.071
2.316	-271.562	335.063
2.317	-271.562	334.055
2.318	-271.562	335.063
2.319	-271.562	335.063
2.320	-271.562	335.063
2.321	-272.576	335.063
2.322	-272.576	335.063
2.323	-272.576	335.063
2.324	-272.576	335.063
2.325	-273.589	335.063
2.326	-274.603	335.063
2.327	-273.589	336.071
2.328	-274.603	335.063
2.329	-274.603	335.063
2.330	-274.603	335.063
2.331	-274.603	335.063
2.332	-275.617	335.063
2.333	-274.603	336.071
2.334	-275.617	335.063
2.335	-275.617	335.063
2.336	-275.617	335.063
2.337	-275.617	336.071
2.338	-275.617	335.063
2.339	-276.630	336.071
2.340	-276.630	336.071
2.341	-276.630	336.071
2.342	-276.630	335.063
2.343	-276.630	336.071
2.344	-275.617	336.071
2.345	-276.630	336.071
2.346	-276.630	336.071
2.347	-277.644	336.071
2.348	-277.644	336.071
2.349	-277.644	337.079
2.350	-277.644	337.079
2.351	-277.644	337.079
2.352	-277.644	337.079
2.353	-278.658	337.079
2.354	-278.658	337.079
2.355	-278.658	336.071
2.356	-279.671	337.079
2.357	-279.671	336.071
2.358	-279.671	337.079
2.359	-279.671	337.079
2.360	-279.671	337.079
2.361	-280.685	337.079
2.362	-279.671	337.079
2.363	-279.671	337.079
2.364	-280.685	338.088
2.365	-280.685	338.088
2.366	-281.699	338.088
2.367	-280.685	337.079
2.368	-280.685	338.088
2.369	-281.699	338.088
2.370	-280.685	337.079
2.371	-282.712	339.096
2.372	-282.712	338.088
2.373	-282.712	339.096
2.374	-282.712	339.096
2.375	-281.699	339.096
2.376	-282.712	339.096
2.377	-282.712	339.096
2.378	-283.726	338.088
2.379	-283.726	339.096
2.380	-282.712	340.104
2.381	-283.726	339.096
2.382	-283.726	339.096
2.383	-284.740	340.104
2.384	-284.740	339.096
2.385	-284.740	339.096
2.386	-284.740	340.104
2.387	-284.740	340.104
2.388	-284.740	340.104
2.389	-285.754	339.096
2.390	-285.754	340.104
2.391	-285.754	341.112
2.392	-285.754	341.112
2.393	-286.767	339.096
2.394	-286.767	341.112
2.395	-286.767	341.112
2.396	-285.754	341.112
2.397	-286.767	341.112
2.398	-286.767	342.120
2.399	-287.781	341.112
2.400	-286.767	342.120
2.401	-287.781	341.112
2.402	-287.781	342.120
2.403	-288.795	342.120
2.404	-287.781	342.120
2.405	-288.795	342.120
2.406	-289.808	343.128
2.407	-288.795	342.120
2.408	-289.808	342.120
2.409	-289.808	342.120
2.410	-288.795	343.128
2.411	-289.808	342.120
2.412	-290.822	343.128
2.413	-290.822	343.128
2.414	-290.822	342.120
2.415	-291.836	343.128
2.416	-291.836	343.128
2.417	-291.836	343.128
2.418	-291.836	343.128
2.419	-291.836	343.128
2.420	-291.836	344.136
2.421	-292.849	343.128
2.422	-292.849	344.136
2.423	-293.863	343.128
2.424	-294.877	344.136
2.425	-294.877	344.136
2.426	-293.863	344.136
2.427	-294.877	343.128
2.428	-294.877	344.136
2.429	-295.890	346.152
2.430	-295.890	344.136
2.431	-296.904	345.144
2.432	-296.904	344.136
2.433	-296.904	344.136
2.434	-296.904	345.144
2.435	-298.931	345.144
2.436	-297.918	345.144
2.437	-298.931	345.144
2.438	-299.945	345.144
2.439	-298.931	345.144
2.440	-299.945	345.144
2.441	-300.959	346.152
2.442	-299.945	346.152
2.443	-300.959	345.144
2.444	-301.972	344.136
2.445	-302.986	346.152
2.446	-302.986	346.152
2.447	-304.000	346.152
2.448	-304.000	346.152
2.449	-304.000	346.152
2.450	-304.000	346.152
2.451	-305.014	346.152
2.452	-305.014	346.152
2.453	-305.014	346.152
2.454	-306.027	346.152
2.455	-305.014	347.160
2.456	-306.027	347.160
2.457	-305.014	347.160
2.458	-307.041	347.160
2.459	-307.041	346.152
2.460	-308.055	347.160
2.461	-308.055	346.152
2.462	-308.055	347.160
2.463	-309.068	347.160
2.464	-309.068	347.160
2.465	-309.068	348.169
2.466	-309.068	347.160
2.467	-309.068	347.160
2.468	-310.082	348.169
2.469	-310.082	346.152
2.470	-311.096	347.160
2.471	-310.082	348.169
2.472	-311.096	348.169
2.473	-311.096	348.169
2.474	-311.096	348.169
2.475	-312.109	349.177
2.476	-312.109	349.177
2.477	-312.109	349.177
2.478	-312.109	349.177
2.479	-313.123	349.177
2.480	-312.109	349.177
2.481	-313.123	349.177
2.482	-313.123	350.185
2.483	-314.137	349.177
2.484	-313.123	349.177
2.485	-315.150	349.177
2.486	-315.150	349.177
2.487	-313.123	350.185
2.488	-314.137	347.160
2.489	-314.137	351.193
2.490	-315.150	350.185
2.491	-315.150	349.177
2.492	-315.150	349.177
2.493	-315.150	350.185
2.494	-316.164	349.177
2.495	-316.164	349.177
2.496	-316.164	350.185
2.497	-316.164	350.185
2.498	-316.164	350.185
2.499	-317.178	350.185
2.500	-317.178	350.185
2.501	-317.178	350.185
2.502	-318.191	350.185
2.503	-317.178	350.185
2.504	-317.178	349.177
2.505	-317.178	350.185
2.506	-319.205	350.185
2.507	-318.191	349.177
2.508	-318.191	349.177
2.509	-318.191	350.185
2.510	-319.205	349.177
2.511	-319.205	350.185
2.512	-320.219	350.185
2.513	-320.219	350.185
2.514	-319.205	349.177
2.515	-319.205	350.185
2.516	-320.219	349.177
2.517	-320.219	348.169
2.518	-320.219	349.177
2.519	-320.219	350.185
2.520	-320.219	349.177
2.521	-320.219	349.177
2.522	-321.232	349.177
2.523	-321.232	349.177
2.524	-321.232	349.177
2.525	-321.232	349.177
2.526	-321.232	349.177
2.527	-322.246	348.169
2.528	-321.232	348.169
2.529	-321.232	348.169
2.530	-321.232	348.169
2.531	-322.246	348.169
2.532	-322.246	348.169
2.533	-322.246	348.169
2.534	-321.232	347.160
2.535	-322.246	347.160
2.536	-322.246	347.160
2.537	-323.260	347.160
2.538	-323.260	347.160
2.539	-323.260	346.152
2.540	-322.246	348.169
2.541	-322.246	347.160
2.542	-322.246	347.160
2.543	-323.260	347.160
2.544	-323.260	347.160
2.545	-323.260	347.160
2.546	-323.260	346.152
2.547	-322.246	346.152
2.548	-324.274	346.152
2.549	-323.260	346.152
2.550	-323.260	347.160
2.551	-323.260	346.152
2.552	-323.260	347.160
2.553	-323.260	347.160
2.554	-322.246	346.152
2.555	-323.260	346.152
2.556	-324.274	346.152
2.557	-323.260	346.152
2.558	-323.260	346.152
2.559	-322.246	346.152
2.560	-322.246	346.152
2.561	-322.246	346.152
2.562	-323.260	345.144
2.563	-323.260	346.152
2.564	-323.260	346.152
2.565	-323.260	346.152
2.566	-323.260	346.152
2.567	-323.260	345.144
2.568	-323.260	345.144
2.569	-322.246	346.152
2.570	-322.246	345.144
2.571	-322.246	345.144
2.572	-323.260	344.136
2.573	-323.260	344.136
2.574	-322.246	345.144
2.575	-322.246	343.128
2.576	-323.260	345.144
2.577	-323.260	344.136
2.578	-322.246	344.136
2.579	-323.260	344.136
2.580	-323.260	345.144
2.581	-323.260	344.136
2.582	-323.260	345.144
2.583	-322.246	344.136
2.584	-323.260	344.136
2.585	-323.260	345.144
2.586	-323.260	346.152
2.587	-323.260	344.136
2.588	-323.260	345.144
2.589	-323.260	344.136
2.590	-323.260	345.144
2.591	-323.260	344.136
2.592	-323.260	344.136
2.593	-323.260	344.136
2.594	-323.260	345.144
2.595	-323.260	344.136
2.596	-324.274	344.136
2.597	-324.274	344.136
2.598	-323.260	345.144
2.599	-324.274	344.136
2.600	-323.260	345.144
2.601	-324.274	344.136
2.602	-324.274	345.144
2.603	-323.260	345.144
2.604	-324.274	343.128
2.605	-324.274	344.136
2.606	-324.274	345.144
2.607	-323.260	344.136
2.608	-324.274	344.136
2.609	-324.274	345.144
2.610	-324.274	344.136
2.611	-324.274	345.144
2.612	-324.274	344.136
2.613	-324.274	344.136
2.614	-324.274	344.136
2.615	-324.274	344.136
2.616	-325.287	345.144
2.617	-324.274	345.144
2.618	-324.274	344.136
2.619	-324.274	345.144
2.620	-325.287	344.136
2.621	-324.274	344.136
2.622	-325.287	345.144
2.623	-324.274	344.136
2.624	-326.301	344.136
2.625	-325.287	346.152
2.626	-325.287	344.136
2.627	-325.287	344.136
2.628	-325.287	345.144
2.629	-325.287	345.144
2.630	-325.287	345.144
2.631	-326.301	345.144
2.632	-326.301	345.144
2.633	-325.287	345.144
2.634	-325.287	345.144
2.635	-325.287	343.128
2.636	-326.301	345.144
2.637	-326.301	346.152
2.638	-326.301	345.144
2.639	-325.287	345.144
2.640	-326.301	345.144
2.641	-327.315	346.152
2.642	-326.301	345.144
2.643	-326.301	345.144
2.644	-326.301	345.144
2.645	-326.301	346.152
2.646	-326.301	346.152
2.647	-326.301	346.152
2.648	-326.301	345.144
2.649	-327.315	346.152
2.650	-327.315	345.144
2.651	-327.315	346.152
2.652	-326.301	346.152
2.653	-326.301	346.152
2.654	-327.315	346.152
2.655	-327.315	346.152
2.656	-328.328	345.144
2.657	-326.301	346.152
2.658	-327.315	346.152
2.659	-327.315	346.152
2.660	-327.315	346.152
2.661	-327.315	346.152
2.662	-327.315	347.160
2.663	-327.315	347.160
2.664	-327.315	347.160
2.665	-328.328	346.152
2.666	-327.315	347.160
2.667	-328.328	346.152
2.668	-328.328	346.152
2.669	-328.328	346.152
2.670	-327.315	347.160
2.671	-328.328	347.160
2.672	-328.328	347.160
2.673	-328.328	346.152
2.674	-328.328	347.160
2.675	-328.328	346.152
2.676	-328.328	347.160
2.677	-328.328	347.160
2.678	-328.328	347.160
2.679	-328.328	348.169
2.680	-328.328	347.160
2.681	-329.342	347.160
2.682	-328.328	347.160
2.683	-328.328	348.169
2.684	-328.328	347.160
2.685	-329.342	348.169
2.686	-329.342	348.169
2.687	-329.342	349.177
2.688	-330.356	348.169
2.689	-329.342	348.169
2.690	-330.356	348.169
2.691	-329.342	349.177
2.692	-329.342	350.185
2.693	-330.356	349.177
2.694	-330.356	348.169
2.695	-330.356	349.177
2.696	-330.356	349.177
2.697	-330.356	349.177
2.698	-330.356	349.177
2.699	-330.356	349.177
2.700	-330.356	350.185
2.701	-330.356	349.177
2.702	-330.356	349.177
2.703	-331.369	350.185
2.704	-329.342	350.185
2.705	-330.356	350.185
2.706	-330.356	350.185
2.707	-330.356	350.185
2.708	-331.369	350.185
2.709	-331.369	350.185
2.710	-330.356	351.193
2.711	-331.369	351.193
2.712	-331.369	351.193
2.713	-331.369	350.185
2.714	-330.356	351.193
2.715	-330.356	351.193
2.716	-331.369	351.193
2.717	-330.356	351.193
2.718	-331.369	351.193
2.719	-331.369	351.193
2.720	-331.369	351.193
2.721	-331.369	351.193
2.722	-331.369	351.193
2.723	-331.369	352.201
2.724	-331.369	351.193
2.725	-331.369	353.209
2.726	-331.369	352.201
2.727	-332.383	351.193
2.728	-331.369	352.201
2.729	-330.356	352.201
2.730	-331.369	352.201
2.731	-330.356	352.201
2.732	-331.369	353.209
2.733	-331.369	352.201
2.734	-331.369	353.209
2.735	-331.369	353.209
2.736	-330.356	353.209
2.737	-331.369	353.209
2.738	-331.369	353.209
2.739	-331.369	352.201
2.740	-331.369	353.209
2.741	-331.369	353.209
2.742	-331.369	352.201
2.743	-330.356	353.209
2.744	-331.369	353.209
2.745	-330.356	353.209
2.746	-331.369	353.209
2.747	-330.356	353.209
2.748	-331.369	352.201
2.749	-331.369	354.217
2.750	-331.369	353.209
2.751	-330.356	353.209
2.752	-331.369	353.209
2.753	-331.369	353.209
2.754	-331.369	355.225
2.755	-331.369	353.209
2.756	-331.369	354.217
2.757	-332.383	354.217
2.758	-331.369	354.217
2.759	-331.369	354.217
2.760	-331.369	354.217
2.761	-332.383	354.217
2.762	-331.369	353.209
2.763	-332.383	353.209
2.764	-332.383	353.209
2.765	-332.383	353.209
2.766	-332.383	355.225
2.767	-332.383	353.209
2.768	-332.383	354.217
2.769	-332.383	354.217
2.770	-332.383	353.209
2.771	-333.397	353.209
2.772	-333.397	353.209
2.773	-332.383	353.209
2.774	-332.383	354.217
2.775	-333.397	354.217
2.776	-333.397	354.217
2.777	-333.397	353.209
2.778	-333.397	353.209
2.779	-332.383	353.209
2.780	-333.397	354.217
2.781	-333.397	353.209
2.782	-332.383	353.209
2.783	-333.397	355.225
2.784	-333.397	353.209
2.785	-333.397	353.209
2.786	-333.397	353.209
2.787	-334.410	353.209
2.788	-333.397	354.217
2.789	-333.397	353.209
2.790	-333.397	353.209
2.791	-334.410	353.209
2.792	-333.397	354.217
2.793	-334.410	353.209
2.794	-332.383	353.209
2.795	-333.397	353.209
2.796	-333.397	353.209
2.797	-333.397	353.209
2.798	-333.397	353.209
2.799	-334.410	353.209
2.800	-334.410	353.209
2.801	-333.397	353.209
2.802	-333.397	353.209
2.803	-333.397	353.209
2.804	-334.410	353.209
2.805	-333.397	353.209
2.806	-334.410	353.209
2.807	-334.410	354.217
2.808	-334.410	353.209
2.809	-334.410	354.217
2.810	-335.424	354.217
2.811	-334.410	353.209
2.812	-334.410	354.217
2.813	-334.410	353.209
2.814	-335.424	353.209
2.815	-334.410	353.209
2.816	-335.424	353.209
2.817	-334.410	354.217
2.818	-334.410	354.217
2.819	-334.410	353.209
2.820	-335.424	354.217
2.821	-336.438	354.217
2.822	-336.438	354.217
2.823	-336.438	354.217
2.824	-336.438	354.217
2.825	-336.438	353.209
2.826	-336.438	353.209
2.827	-336.438	354.217
2.828	-336.438	354.217
2.829	-336.438	353.209
2.830	-336.438	354.217
2.831	-337.451	353.209
2.832	-337.451	353.209
2.833	-337.451	354.217
2.834	-337.451	355.225
2.835	-337.451	353.209
2.836	-337.451	354.217
2.837	-338.465	354.217
2.838	-337.451	354.217
2.839	-338.465	354.217
2.840	-337.451	354.217
2.841	-338.465	354.217
2.842	-338.465	352.201
2.843	-338.465	354.217
2.844	-338.465	355.225
2.845	-338.465	354.217
2.846	-338.465	354.217
2.847	-339.479	354.217
2.848	-339.479	354.217
2.849	-339.479	354.217
2.850	-339.479	354.217
2.851	-339.479	354.217
2.852	-339.479	354.217
2.853	-339.479	354.217
2.854	-340.492	354.217
2.855	-340.492	355.225
2.856	-339.479	355.225
2.857	-340.492	353.209
2.858	-340.492	355.225
2.859	-339.479	355.225
2.860	-340.492	355.225
2.861	-340.492	355.225
2.862	-340.492	355.225
2.863	-340.492	355.225
2.864	-341.506	355.225
2.865	-341.506	355.225
2.866	-340.492	355.225
2.867	-340.492	355.225
2.868	-341.506	355.225
2.869	-341.506	356.233
2.870	-341.506	356.233
2.871	-341.506	355.225
2.872	-341.506	355.225
2.873	-341.506	355.225
2.874	-341.506	355.225
2.875	-341.506	355.225
2.876	-342.520	355.225
2.877	-342.520	355.225
2.878	-342.520	355.225
2.879	-342.520	355.225
2.880	-342.520	356.233
2.881	-342.520	356.233
2.882	-342.520	356.233
2.883	-343.534	355.225
2.884	-342.520	357.241
2.885	-342.520	356.233
2.886	-343.534	356.233
2.887	-343.534	356.233
2.888	-342.520	356.233
2.889	-342.520	356.233
2.890	-342.520	357.241
2.891	-342.520	357.241
2.892	-343.534	357.241
2.893	-342.520	356.233
2.894	-343.534	357.241
2.895	-342.520	357.241
2.896	-343.534	357.241
2.897	-343.534	357.241
2.898	-343.534	357.241
2.899	-342.520	358.250
2.900	-343.534	355.225
2.901	-343.534	357.241
2.902	-343.534	357.241
2.903	-343.534	357.241
2.904	-343.534	357.241
2.905	-343.534	357.241
2.906	-342.520	357.241
2.907	-344.547	357.241
2.908	-343.534	356.233
2.909	-343.534	357.241
2.910	-343.534	357.241
2.911	-343.534	357.241
2.912	-343.534	357.241
2.913	-343.534	357.241
2.914	-342.520	357.241
2.915	-343.534	357.241
2.916	-342.520	357.241
2.917	-344.547	357.241
2.918	-342.520	357.241
2.919	-343.534	358.250
2.920	-342.520	357.241
2.921	-342.520	358.250
2.922	-342.520	357.241
2.923	-343.534	358.250
2.924	-343.534	357.241
2.925	-343.534	358.250
2.926	-342.520	358.250
2.927	-343.534	358.250
2.928	-343.534	358.250
2.929	-343.534	358.250
2.930	-342.520	358.250
2.931	-343.534	358.250
2.932	-343.534	359.258
2.933	-343.534	358.250
2.934	-343.534	357.241
2.935	-343.534	358.250
2.936	-342.520	359.258
2.937	-343.534	358.250
2.938	-342.520	358.250
2.939	-343.534	359.258
2.940	-343.534	358.250
2.941	-343.534	359.258
2.942	-343.534	359.258
2.943	-343.534	358.250
2.944	-343.534	358.250
2.945	-343.534	358.250
2.946	-343.534	358.250
2.947	-342.520	359.258
2.948	-343.534	359.258
2.949	-343.534	358.250
2.950	-344.547	359.258
2.951	-344.547	358.250
2.952	-342.520	359.258
2.953	-343.534	359.258
2.954	-343.534	358.250
2.955	-343.534	358.250
2.956	-343.534	356.233
2.957	-343.534	358.250
2.958	-343.534	358.250
2.959	-342.520	358.250
2.960	-343.534	358.250
2.961	-342.520	358.250
2.962	-343.534	359.258
2.963	-342.520	359.258
2.964	-342.520	359.258
2.965	-342.520	359.258
2.966	-343.534	359.258
2.967	-342.520	358.250
2.968	-342.520	359.258
2.969	-342.520	359.258
2.970	-342.520	359.258
2.971	-342.520	359.258
2.972	-342.520	359.258
2.973	-342.520	359.258
2.974	-342.520	359.258
2.975	-342.520	359.258
2.976	-343.534	359.258
2.977	-342.520	359.258
2.978	-342.520	358.250
2.979	-342.520	359.258
2.980	-342.520	359.258
2.981	-342.520	359.258
2.982	-342.520	359.258
2.983	-342.520	359.258
2.984	-342.520	359.258
2.985	-341.506	356.233
2.986	-342.520	359.258
2.987	-341.506	359.258
2.988	-341.506	360.266
2.989	-341.506	359.258
2.990	-342.520	359.258
2.991	-342.520	359.258
2.992	-342.520	359.258
2.993	-341.506	359.258
2.994	-341.506	359.258
2.995	-342.520	359.258
2.996	-341.506	359.258
2.997	-341.506	359.258
2.998	-341.506	360.266
2.999	-341.506	359.258
3.000	-341.506	359.258
3.001	-341.506	359.258
3.002	-341.506	359.258
3.003	-341.506	359.258
3.004	-341.506	360.266
3.005	-342.520	359.258
3.006	-342.520	359.258
3.007	-341.506	359.258
3.008	-341.506	359.258
3.009	-342.520	359.258
3.010	-341.506	359.258
3.011	-341.506	359.258
3.012	-342.520	359.258
3.013	-341.506	359.258
3.014	-340.492	358.250
3.015	-342.520	360.266
3.016	-342.520	359.258
3.017	-341.506	359.258
3.018	-341.506	359.258
3.019	-342.520	359.258
3.020	-341.506	359.258
3.021	-342.520	359.258
3.022	-342.520	360.266
3.023	-342.520	359.258
3.024	-342.520	360.266
3.025	-342.520	359.258
3.026	-341.506	359.258
3.027	-343.534	359.258
3.028	-342.520	360.266
3.029	-343.534	359.258
3.030	-343.534	359.258
3.031	-343.534	359.258
3.032	-343.534	359.258
3.033	-343.534	359.258
3.034	-343.534	359.258
3.035	-342.520	360.266
3.036	-343.534	360.266
3.037	-344.547	360.266
3.038	-344.547	359.258
3.039	-344.547	360.266
3.040	-344.547	359.258
3.041	-344.547	359.258
3.042	-344.547	359.258
3.043	-344.547	358.250
3.044	-344.547	360.266
3.045	-344.547	359.258
3.046	-344.547	360.266
3.047	-344.547	360.266
3.048	-344.547	359.258
3.049	-344.547	359.258
3.050	-344.547	360.266
3.051	-344.547	359.258
3.052	-345.561	359.258
3.053	-345.561	359.258
3.054	-345.561	359.258
3.055	-345.561	359.258
3.056	-345.561	359.258
3.057	-345.561	359.258
3.058	-345.561	359.258
3.059	-345.561	359.258
3.060	-345.561	359.258
3.061	-346.575	359.258
3.062	-345.561	359.258
3.063	-346.575	359.258
3.064	-346.575	358.250
3.065	-347.588	359.258
3.066	-346.575	359.258
3.067	-346.575	358.250
3.068	-345.561	359.258
3.069	-346.575	358.250
3.070	-347.588	359.258
3.071	-346.575	359.258
3.072	-347.588	358.250
3.073	-346.575	359.258
3.074	-347.588	359.258
3.075	-347.588	359.258
3.076	-347.588	359.258
3.077	-345.561	358.250
3.078	-348.602	358.250
3.079	-347.588	359.258
3.080	-347.588	359.258
3.081	-347.588	358.250
3.082	-347.588	358.250
3.083	-348.602	359.258
3.084	-347.588	358.250
3.085	-348.602	358.250
3.086	-347.588	358.250
3.087	-348.602	359.258
3.088	-348.602	358.250
3.089	-347.588	357.241
3.090	-348.602	358.250
3.091	-347.588	358.250
3.092	-347.588	358.250
3.093	-348.602	358.250
3.094	-348.602	358.250
3.095	-348.602	358.250
3.096	-348.602	358.250
3.097	-347.588	358.250
3.098	-349.616	358.250
3.099	-348.602	358.250
3.100	-348.602	358.250
3.101	-348.602	358.250
3.102	-348.602	359.258
3.103	-348.602	358.250
3.104	-348.602	358.250
3.105	-348.602	358.250
3.106	-347.588	358.250
3.107	-348.602	358.250
3.108	-347.588	358.250
3.109	-348.602	358.250
3.110	-347.588	358.250
3.111	-347.588	358.250
3.112	-347.588	358.250
3.113	-348.602	358.250
3.114	-348.602	359.258
3.115	-348.602	357.241
3.116	-348.602	358.250
3.117	-347.588	359.258
3.118	-348.602	358.250
3.119	-348.602	358.250
3.120	-348.602	358.250
3.121	-348.602	358.250
3.122	-348.602	358.250
3.123	-347.588	358.250
3.124	-348.602	358.250
3.125	-348.602	358.250
3.126	-348.602	358.250
3.127	-348.602	358.250
3.128	-347.588	358.250
3.129	-348.602	359.258
3.130	-347.588	358.250
3.131	-348.602	359.258
3.132	-348.602	358.250
3.133	-347.588	358.250
3.134	-348.602	358.250
3.135	-348.602	359.258
3.136	-346.575	358.250
3.137	-347.588	358.250
3.138	-348.602	359.258
3.139	-347.588	358.250
3.140	-348.602	358.250
3.141	-348.602	359.258
3.142	-348.602	357.241
3.143	-347.588	359.258
3.144	-347.588	359.258
3.145	-347.588	359.258
3.146	-348.602	359.258
3.147	-348.602	359.258
3.148	-347.588	358.250
3.149	-347.588	358.250
3.150	-347.588	359.258
3.151	-347.588	359.258
3.152	-347.588	359.258
3.153	-347.588	359.258
3.154	-347.588	359.258
3.155	-347.588	359.258
3.156	-346.575	359.258
3.157	-346.575	359.258
3.158	-346.575	359.258
3.159	-346.575	359.258
3.160	-345.561	359.258
3.161	-345.561	359.258
3.162	-345.561	360.266
3.163	-345.561	359.258
3.164	-345.561	359.258
3.165	-346.575	359.258
3.166	-345.561	359.258
3.167	-345.561	359.258
3.168	-345.561	359.258
3.169	-345.561	359.258
3.170	-344.547	359.258
3.171	-344.547	359.258
3.172	-344.547	359.258
3.173	-344.547	359.258
3.174	-344.547	359.258
3.175	-344.547	359.258
3.176	-343.534	360.266
3.177	-344.547	359.258
3.178	-344.547	359.258
3.179	-344.547	359.258
3.180	-343.534	359.258
3.181	-343.534	360.266
3.182	-342.520	359.258
3.183	-343.534	359.258
3.184	-342.520	359.258
3.185	-343.534	359.258
3.186	-344.547	359.258
3.187	-342.520	359.258
3.188	-342.520	359.258
3.189	-343.534	359.258
3.190	-342.520	359.258
3.191	-342.520	358.250
3.192	-342.520	358.250
3.193	-342.520	360.266
3.194	-342.520	358.250
3.195	-341.506	359.258
3.196	-340.492	359.258
3.197	-341.506	358.250
3.198	-342.520	359.258
3.199	-341.506	358.250
3.200	-341.506	358.250
3.201	-341.506	358.250
3.202	-340.492	359.258
3.203	-341.506	358.250
3.204	-340.492	358.250
3.205	-340.492	358.250
3.206	-340.492	359.258
3.207	-340.492	359.258
3.208	-340.492	358.250
3.209	-339.479	358.250
3.210	-339.479	358.250
3.211	-339.479	358.250
3.212	-339.479	359.258
3.213	-339.479	358.250
3.214	-339.479	358.250
3.215	-338.465	359.258
3.216	-338.465	358.250
3.217	-337.451	358.250
3.218	-338.465	358.250
3.219	-337.451	358.250
3.220	-337.451	357.241
3.221	-337.451	359.258
3.222	-337.451	359.258
3.223	-337.451	358.250
3.224	-336.438	359.258
3.225	-336.438	358.250
3.226	-336.438	358.250
3.227	-336.438	358.250
3.228	-335.424	358.250
3.229	-335.424	358.250
3.230	-335.424	358.250
3.231	-335.424	358.250
3.232	-334.410	359.258
3.233	-334.410	359.258
3.234	-334.410	358.250
3.235	-334.410	358.250
3.236	-333.397	359.258
3.237	-334.410	358.250
3.238	-333.397	358.250
3.239	-333.397	358.250
3.240	-333.397	359.258
3.241	-333.397	358.250
3.242	-333.397	358.250
3.243	-333.397	358.250
3.244	-332.383	358.250
3.245	-332.383	358.250
3.246	-332.383	359.258
3.247	-332.383	358.250
3.248	-332.383	358.250
3.249	-332.383	358.250
3.250	-331.369	357.241
3.251	-332.383	359.258
3.252	-332.383	358.250
3.253	-331.369	358.250
3.254	-331.369	359.258
3.255	-331.369	358.250
3.256	-331.369	357.241
3.257	-331.369	358.250
3.258	-331.369	358.250
3.259	-331.369	359.258
3.260	-331.369	358.250
3.261	-331.369	358.250
3.262	-331.369	357.241
3.263	-331.369	358.250
3.264	-331.369	358.250
3.265	-331.369	358.250
3.266	-330.356	358.250
3.267	-331.369	358.250
3.268	-331.369	358.250
3.269	-331.369	358.250
3.270	-331.369	358.250
3.271	-330.356	358.250
3.272	-331.369	357.241
3.273	-332.383	357.241
3.274	-330.356	357.241
3.275	-330.356	357.241
3.276	-330.356	357.241
3.277	-331.369	357.241
3.278	-330.356	357.241
3.279	-330.356	355.225
3.280	-331.369	357.241
3.281	-330.356	357.241
3.282	-330.356	357.241
3.283	-330.356	357.241
3.284	-330.356	356.233
3.285	-330.356	357.241
3.286	-329.342	358.250
3.287	-330.356	356.233
3.288	-330.356	356.233
3.289	-330.356	356.233
3.290	-329.342	356.233
3.291	-329.342	355.225
3.292	-328.328	356.233
3.293	-329.342	355.225
3.294	-329.342	356.233
3.295	-329.342	356.233
3.296	-328.328	355.225
3.297	-328.328	355.225
3.298	-328.328	355.225
3.299	-329.342	355.225
3.300	-328.328	355.225
3.301	-327.315	355.225
3.302	-327.315	355.225
3.303	-328.328	355.225
3.304	-326.301	355.225
3.305	-327.315	355.225
3.306	-328.328	355.225
3.307	-327.315	356.233
3.308	-326.301	353.209
3.309	-326.301	355.225
3.310	-326.301	355.225
3.311	-327.315	354.217
3.312	-326.301	355.225
3.313	-326.301	354.217
3.314	-326.301	355.225
3.315	-326.301	354.217
3.316	-327.315	354.217
3.317	-325.287	354.217
3.318	-326.301	354.217
3.319	-326.301	354.217
3.320	-326.301	354.217
3.321	-325.287	354.217
3.322	-326.301	354.217
3.323	-325.287	353.209
3.324	-325.287	354.217
3.325	-325.287	353.209
3.326	-324.274	354.217
3.327	-325.287	354.217
3.328	-325.287	354.217
3.329	-324.274	354.217
3.330	-325.287	353.209
3.331	-325.287	353.209
3.332	-325.287	353.209
3.333	-324.274	354.217
3.334	-325.287	354.217
3.335	-324.274	353.209
3.336	-325.287	353.209
3.337	-324.274	354.217
3.338	-324.274	354.217
3.339	-324.274	351.193
3.340	-324.274	352.201
3.341	-324.274	353.209
3.342	-324.274	352.201
3.343	-324.274	353.209
3.344	-324.274	353.209
3.345	-324.274	353.209
3.346	-326.301	353.209
3.347	-324.274	353.209
3.348	-324.274	352.201
3.349	-324.274	352.201
3.350	-324.274	353.209
3.351	-324.274	352.201
3.352	-323.260	353.209
3.353	-324.274	353.209
3.354	-324.274	353.209
3.355	-324.274	353.209
3.356	-324.274	353.209
3.357	-324.274	352.201
3.358	-323.260	353.209
3.359	-324.274	352.201
3.360	-324.274	352.201
3.361	-324.274	352.201
3.362	-324.274	352.201
3.363	-324.274	354.217
3.364	-324.274	352.201
3.365	-323.260	353.209
3.366	-324.274	353.209
3.367	-323.260	352.201
3.368	-324.274	352.201
3.369	-324.274	352.201
3.370	-324.274	352.201
3.371	-324.274	353.209
3.372	-324.274	352.201
3.373	-324.274	353.209
3.374	-324.274	353.209
3.375	-324.274	352.201
3.376	-323.260	352.201
3.377	-324.274	353.209
3.378	-324.274	352.201
3.379	-324.274	353.209
3.380	-324.274	352.201
3.381	-324.274	353.209
3.382	-324.274	353.209
3.383	-324.274	353.209
3.384	-324.274	353.209
3.385	-324.274	353.209
3.386	-324.274	351.193
3.387	-324.274	353.209
3.388	-325.287	353.209
3.389	-325.287	353.209
3.390	-325.287	354.217
3.391	-325.287	353.209
3.392	-326.301	353.209
3.393	-325.287	354.217
3.394	-326.301	355.225
3.395	-326.301	353.209
3.396	-326.301	353.209
3.397	-326.301	354.217
3.398	-326.301	354.217
3.399	-326.301	354.217
3.400	-326.301	354.217
3.401	-326.301	354.217
3.402	-326.301	355.225
3.403	-327.315	355.225
3.404	-326.301	354.217
3.405	-326.301	355.225
3.406	-326.301	355.225
3.407	-326.301	354.217
3.408	-327.315	354.217
3.409	-326.301	355.225
3.410	-327.315	355.225
3.411	-326.301	355.225
3.412	-326.301	355.225
3.413	-327.315	355.225
3.414	-326.301	355.225
3.415	-327.315	354.217
3.416	-326.301	355.225
3.417	-327.315	354.217
3.418	-327.315	355.225
3.419	-327.315	355.225
3.420	-327.315	355.225
3.421	-327.315	355.225
3.422	-327.315	355.225
3.423	-328.328	355.225
3.424	-327.315	354.217
3.425	-327.315	356.233
3.426	-326.301	355.225
3.427	-328.328	355.225
3.428	-327.315	355.225
3.429	-327.315	355.225
3.430	-327.315	355.225
3.431	-327.315	355.225
3.432	-328.328	355.225
3.433	-328.328	355.225
3.434	-328.328	355.225
3.435	-328.328	355.225
3.436	-328.328	355.225
3.437	-328.328	355.225
3.438	-328.328	355.225
3.439	-328.328	355.225
3.440	-328.328	355.225
3.441	-328.328	356.233
3.442	-328.328	356.233
3.443	-328.328	356.233
3.444	-328.328	355.225
3.445	-328.328	355.225
3.446	-329.342	355.225
3.447	-328.328	355.225
3.448	-329.342	356.233
3.449	-328.328	356.233
3.450	-328.328	355.225
3.451	-328.328	356.233
3.452	-329.342	355.225
3.453	-329.342	355.225
3.454	-329.342	355.225
3.455	-329.342	355.225
3.456	-329.342	355.225
3.457	-329.342	355.225
3.458	-329.342	355.225
3.459	-329.342	355.225
3.460	-329.342	356.233
3.461	-329.342	355.225
3.462	-329.342	356.233
3.463	-329.342	356.233
3.464	-329.342	356.233
3.465	-330.356	356.233
3.466	-329.342	356.233
3.467	-329.342	357.241
3.468	-329.342	356.233
3.469	-330.356	356.233
3.470	-330.356	356.233
3.471	-330.356	356.233
3.472	-330.356	356.233
3.473	-330.356	356.233
3.474	-331.369	357.241
3.475	-330.356	357.241
3.476	-330.356	356.233
3.477	-330.356	356.233
3.478	-331.369	357.241
3.479	-330.356	357.241
3.480	-330.356	357.241
3.481	-331.369	356.233
3.482	-331.369	357.241
3.483	-331.369	357.241
3.484	-331.369	357.241
3.485	-331.369	357.241
3.486	-330.356	357.241
3.487	-331.369	357.241
3.488	-331.369	357.241
3.489	-330.356	357.241
3.490	-331.369	358.250
3.491	-330.356	358.250
3.492	-330.356	358.250
3.493	-330.356	357.241
3.494	-330.356	358.250
3.495	-331.369	357.241
3.496	-329.342	358.250
3.497	-331.369	358.250
3.498	-331.369	357.241
3.499	-331.369	358.250
3.500	-331.369	358.250
3.501	-330.356	358.250
3.502	-330.356	358.250
3.503	-331.369	358.250
3.504	-330.356	358.250
3.505	-329.342	359.258
3.506	-329.342	358.250
3.507	-329.342	358.250
3.508	-330.356	359.258
3.509	-329.342	359.258
3.510	-330.356	359.258
3.511	-329.342	359.258
3.512	-330.356	359.258
3.513	-329.342	359.258
3.514	-329.342	359.258
3.515	-329.342	359.258
3.516	-329.342	359.258
3.517	-329.342	359.258
3.518	-329.342	359.258
3.519	-329.342	359.258
3.520	-329.342	359.258
3.521	-329.342	359.258
3.522	-329.342	359.258
3.523	-329.342	359.258
3.524	-329.342	358.250
3.525	-329.342	359.258
3.526	-328.328	358.250
3.527	-330.356	359.258
3.528	-328.328	359.258
3.529	-329.342	358.250
3.530	-329.342	359.258
3.531	-329.342	359.258
3.532	-329.342	359.258
3.533	-329.342	358.250
3.534	-329.342	358.250
3.535	-329.342	358.250
3.536	-328.328	359.258
3.537	-329.342	358.250
3.538	-329.342	358.250
3.539	-329.342	359.258
3.540	-329.342	357.241
3.541	-329.342	358.250
3.542	-329.342	357.241
3.543	-329.342	358.250
3.544	-329.342	358.250
3.545	-328.328	358.250
3.546	-328.328	359.258
3.547	-329.342	357.241
3.548	-328.328	358.250
3.549	-328.328	357.241
3.550	-328.328	357.241
3.551	-329.342	358.250
3.552	-329.342	357.241
3.553	-328.328	358.250
3.554	-329.342	357.241
3.555	-329.342	358.250
3.556	-330.356	358.250
3.557	-329.342	357.241
3.558	-328.328	358.250
3.559	-328.328	357.241
3.560	-328.328	357.241
3.561	-328.328	359.258
3.562	-328.328	357.241
3.563	-328.328	358.250
3.564	-328.328	357.241
3.565	-328.328	358.250
3.566	-329.342	358.250
3.567	-328.328	356.233
3.568	-328.328	357.241
3.569	-327.315	356.233
3.570	-328.328	357.241
3.571	-328.328	357.241
3.572	-326.301	358.250
3.573	-327.315	357.241
3.574	-327.315	357.241
3.575	-327.315	357.241
3.576	-327.315	357.241
3.577	-327.315	358.250
3.578	-327.315	357.241
3.579	-327.315	357.241
3.580	-326.301	358.250
3.581	-327.315	357.241
3.582	-326.301	357.241
3.583	-326.301	357.241
3.584	-326.301	357.241
3.585	-326.301	358.250
3.586	-327.315	358.250
3.587	-326.301	357.241
3.588	-325.287	357.241
3.589	-326.301	357.241
3.590	-325.287	358.250
3.591	-325.287	358.250
3.592	-326.301	358.250
3.593	-325.287	358.250
3.594	-326.301	357.241
3.595	-326.301	358.250
3.596	-324.274	357.241
3.597	-326.301	358.250
3.598	-325.287	357.241
3.599	-325.287	358.250
3.600	-326.301	358.250
3.601	-325.287	358.250
3.602	-326.301	358.250
3.603	-326.301	359.258
3.604	-326.301	358.250
3.605	-326.301	358.250
3.606	-326.301	359.258
3.607	-326.301	358.250
3.608	-326.301	358.250
3.609	-326.301	358.250
3.610	-326.301	358.250
3.611	-326.301	358.250
3.612	-326.301	358.250
3.613	-326.301	359.258
3.614	-326.301	359.258
3.615	-326.301	358.250
3.616	-327.315	359.258
3.617	-326.301	359.258
3.618	-326.301	358.250
3.619	-327.315	358.250
3.620	-327.315	358.250
3.621	-327.315	358.250
3.622	-327.315	358.250
3.623	-327.315	358.250
3.624	-327.315	359.258
3.625	-326.301	358.250
3.626	-328.328	359.258
3.627	-327.315	358.250
3.628	-328.328	358.250
3.629	-328.328	358.250
3.630	-328.328	358.250
3.631	-328.328	358.250
3.632	-328.328	358.250
3.633	-328.328	358.250
3.634	-329.342	358.250
3.635	-328.328	357.241
3.636	-329.342	358.250
3.637	-329.342	359.258
3.638	-329.342	358.250
3.639	-329.342	359.258
3.640	-329.342	359.258
3.641	-329.342	359.258
3.642	-330.356	359.258
3.643	-329.342	359.258
3.644	-329.342	359.258
3.645	-330.356	359.258
3.646	-329.342	359.258
3.647	-330.356	359.258
3.648	-330.356	359.258
3.649	-330.356	358.250
3.650	-329.342	359.258
3.651	-330.356	360.266
3.652	-329.342	359.258
3.653	-329.342	359.258
3.654	-329.342	359.258
3.655	-330.356	360.266
3.656	-330.356	358.250
3.657	-330.356	359.258
3.658	-331.369	359.258
3.659	-330.356	359.258
3.660	-331.369	360.266
3.661	-331.369	359.258
3.662	-331.369	359.258
3.663	-331.369	359.258
3.664	-330.356	358.250
3.665	-331.369	359.258
3.666	-329.342	359.258
3.667	-331.369	360.266
3.668	-332.383	359.258
3.669	-332.383	359.258
3.670	-331.369	359.258
3.671	-331.369	359.258
3.672	-332.383	360.266
3.673	-331.369	359.258
3.674	-331.369	359.258
3.675	-331.369	359.258
3.676	-332.383	360.266
3.677	-331.369	360.266
3.678	-331.369	359.258
3.679	-332.383	359.258
3.680	-332.383	359.258
3.681	-332.383	359.258
3.682	-332.383	359.258
3.683	-332.383	359.258
3.684	-331.369	360.266
3.685	-332.383	359.258
3.686	-331.369	360.266
3.687	-332.383	359.258
3.688	-331.369	359.258
3.689	-332.383	359.258
3.690	-332.383	358.250
3.691	-332.383	359.258
3.692	-332.383	359.258
3.693	-332.383	359.258
3.694	-331.369	358.250
3.695	-332.383	358.250
3.696	-332.383	359.258
3.697	-332.383	358.250
3.698	-331.369	358.250
3.699	-332.383	357.241
3.700	-332.383	357.241
3.701	-331.369	358.250
3.702	-332.383	357.241
3.703	-332.383	357.241
3.704	-331.369	358.250
3.705	-332.383	357.241
3.706	-332.383	356.233
3.707	-331.369	357.241
3.708	-332.383	357.241
3.709	-332.383	355.225
3.710	-331.369	356.233
3.711	-332.383	355.225
3.712	-332.383	357.241
3.713	-332.383	356.233
3.714	-332.383	355.225
3.715	-332.383	357.241
3.716	-332.383	355.225
3.717	-332.383	355.225
3.718	-332.383	355.225
3.719	-332.383	355.225
3.720	-332.383	355.225
3.721	-332.383	355.225
3.722	-332.383	355.225
3.723	-332.383	355.225
3.724	-331.369	354.217
3.725	-332.383	355.225
3.726	-332.383	354.217
3.727	-332.383	354.217
3.728	-332.383	355.225
3.729	-332.383	354.217
3.730	-332.383	355.225
3.731	-331.369	354.217
3.732	-331.369	354.217
3.733	-331.369	355.225
3.734	-332.383	354.217
3.735	-331.369	354.217
3.736	-331.369	354.217
3.737	-331.369	354.217
3.738	-332.383	354.217
3.739	-331.369	355.225
3.740	-330.356	354.217
3.741	-331.369	354.217
3.742	-332.383	354.217
3.743	-331.369	354.217
3.744	-331.369	355.225
3.745	-330.356	354.217
3.746	-330.356	354.217
3.747	-331.369	354.217
3.748	-331.369	354.217
3.749	-331.369	354.217
3.750	-330.356	354.217
3.751	-330.356	354.217
3.752	-330.356	354.217
3.753	-330.356	354.217
3.754	-330.356	354.217
3.755	-330.356	354.217
3.756	-328.328	354.217
3.757	-330.356	354.217
3.758	-330.356	354.217
3.759	-330.356	354.217
3.760	-329.342	354.217
3.761	-330.356	354.217
3.762	-329.342	354.217
3.763	-330.356	354.217
3.764	-329.342	355.225
3.765	-329.342	354.217
3.766	-330.356	353.209
3.767	-329.342	354.217
3.768	-329.342	355.225
3.769	-329.342	352.201
3.770	-329.342	354.217
3.771	-328.328	355.225
3.772	-329.342	354.217
3.773	-329.342	356.233
3.774	-328.328	355.225
3.775	-328.328	355.225
3.776	-328.328	354.217
3.777	-328.328	355.225
3.778	-328.328	354.217
3.779	-329.342	355.225
3.780	-328.328	354.217
3.781	-329.342	355.225
3.782	-328.328	355.225
3.783	-328.328	355.225
3.784	-328.328	355.225
3.785	-328.328	355.225
3.786	-327.315	354.217
3.787	-328.328	355.225
3.788	-328.328	355.225
3.789	-328.328	355.225
3.790	-328.328	355.225
3.791	-327.315	355.225
3.792	-328.328	355.225
3.793	-328.328	355.225
3.794	-327.315	354.217
3.795	-328.328	355.225
3.796	-328.328	354.217
3.797	-327.315	355.225
3.798	-328.328	354.217
3.799	-327.315	355.225
3.800	-327.315	355.225
3.801	-327.315	354.217
3.802	-327.315	355.225
3.803	-328.328	354.217
3.804	-328.328	355.225
3.805	-327.315	354.217
3.806	-326.301	353.209
3.807	-326.301	354.217
3.808	-326.301	355.225
3.809	-327.315	355.225
3.810	-327.315	354.217
3.811	-327.315	354.217
3.812	-327.315	354.217
3.813	-327.315	354.217
3.814	-326.301	354.217
3.815	-327.315	354.217
3.816	-328.328	353.209
3.817	-327.315	353.209
3.818	-327.315	353.209
3.819	-328.328	354.217
3.820	-327.315	354.217
3.821	-327.315	353.209
3.822	-326.301	353.209
3.823	-327.315	353.209
3.824	-327.315	353.209
3.825	-326.301	353.209
3.826	-327.315	354.217
3.827	-326.301	353.209
3.828	-326.301	352.201
3.829	-327.315	353.209
3.830	-326.301	353.209
3.831	-326.301	353.209
3.832	-326.301	352.201
3.833	-326.301	353.209
3.834	-326.301	353.209
3.835	-326.301	354.217
3.836	-326.301	353.209
3.837	-326.301	354.217
3.838	-327.315	352.201
3.839	-326.301	353.209
3.840	-326.301	353.209
3.841	-326.301	353.209
3.842	-326.301	353.209
3.843	-326.301	353.209
3.844	-326.301	354.217
3.845	-326.301	354.217
3.846	-326.301	353.209
3.847	-326.301	353.209
3.848	-326.301	353.209
3.849	-326.301	353.209
3.850	-326.301	354.217
3.851	-326.301	354.217
3.852	-326.301	354.217
3.853	-326.301	354.217
3.854	-326.301	353.209
3.855	-326.301	354.217
3.856	-326.301	354.217
3.857	-326.301	354.217
3.858	-326.301	354.217
3.859	-326.301	354.217
3.860	-326.301	354.217
3.861	-326.301	354.217
3.862	-326.301	353.209
3.863	-327.315	353.209
3.864	-326.301	354.217
3.865	-326.301	354.217
3.866	-326.301	354.217
3.867	-327.315	354.217
3.868	-326.301	354.217
3.869	-326.301	354.217
3.870	-326.301	354.217
3.871	-327.315	354.217
3.872	-327.315	354.217
3.873	-327.315	355.225
3.874	-326.301	354.217
3.875	-326.301	354.217
3.876	-327.315	355.225
3.877	-327.315	354.217
3.878	-327.315	355.225
3.879	-327.315	354.217
3.880	-327.315	355.225
3.881	-327.315	355.225
3.882	-327.315	355.225
3.883	-327.315	355.225
3.884	-327.315	355.225
3.885	-328.328	355.225
3.886	-327.315	354.217
3.887	-327.315	355.225
3.888	-328.328	355.225
3.889	-328.328	356.233
3.890	-328.328	353.209
3.891	-328.328	355.225
3.892	-328.328	355.225
3.893	-328.328	355.225
3.894	-328.328	355.225
3.895	-328.328	355.225
3.896	-328.328	354.217
3.897	-327.315	355.225
3.898	-329.342	355.225
3.899	-328.328	355.225
3.900	-328.328	354.217
3.901	-328.328	355.225
3.902	-328.328	355.225
3.903	-328.328	355.225
3.904	-328.328	355.225
3.905	-328.328	355.225
3.906	-328.328	355.225
3.907	-328.328	355.225
3.908	-329.342	355.225
3.909	-329.342	355.225
3.910	-328.328	355.225
3.911	-329.342	355.225
3.912	-329.342	355.225
3.913	-329.342	355.225
3.914	-329.342	355.225
3.915	-329.342	355.225
3.916	-329.342	355.225
3.917	-329.342	355.225
3.918	-329.342	355.225
3.919	-330.356	354.217
3.920	-329.342	355.225
3.921	-329.342	355.225
3.922	-329.342	354.217
3.923	-329.342	355.225
3.924	-329.342	355.225
3.925	-329.342	355.225
3.926	-329.342	354.217
3.927	-330.356	355.225
3.928	-329.342	354.217
3.929	-329.342	355.225
3.930	-329.342	355.225
3.931	-330.356	355.225
3.932	-329.342	355.225
3.933	-330.356	355.225
3.934	-329.342	355.225
3.935	-329.342	355.225
3.936	-329.342	355.225
3.937	-329.342	354.217
3.938	-328.328	355.225
3.939	-330.356	354.217
3.940	-329.342	354.217
3.941	-329.342	354.217
3.942	-330.356	354.217
3.943	-330.356	354.217
3.944	-330.356	354.217
3.945	-330.356	353.209
3.946	-329.342	354.217
3.947	-330.356	354.217
3.948	-329.342	351.193
3.949	-330.356	354.217
3.950	-330.356	354.217
3.951	-330.356	354.217
3.952	-329.342	354.217
3.953	-330.356	353.209
3.954	-330.356	353.209
3.955	-329.342	354.217
3.956	-330.356	354.217
3.957	-330.356	354.217
3.958	-330.356	354.217
3.959	-329.342	354.217
3.960	-330.356	353.209
3.961	-330.356	354.217
3.962	-329.342	353.209
3.963	-330.356	354.217
3.964	-330.356	353.209
3.965	-330.356	354.217
3.966	-330.356	355.225
3.967	-330.356	354.217
3.968	-330.356	353.209
3.969	-330.356	353.209
3.970	-330.356	353.209
3.971	-330.356	353.209
3.972	-329.342	353.209
3.973	-329.342	354.217
3.974	-330.356	354.217
3.975	-329.342	354.217
3.976	-330.356	353.209
3.977	-330.356	353.209
3.978	-329.342	352.201
3.979	-331.369	353.209
3.980	-330.356	353.209
3.981	-329.342	353.209
3.982	-330.356	353.209
3.983	-330.356	353.209
3.984	-330.356	353.209
3.985	-330.356	353.209
3.986	-329.342	354.217
3.987	-330.356	354.217
3.988	-330.356	353.209
3.989	-330.356	353.209
3.990	-330.356	353.209
3.991	-331.369	353.209
3.992	-330.356	353.209
3.993	-331.369	353.209
3.994	-331.369	353.209
3.995	-330.356	353.209
3.996	-330.356	354.217
3.997	-331.369	353.209
3.998	-330.356	354.217
3.999	-331.369	354.217
4.000	-331.369	353.209
4.001	-331.369	352.201
4.002	-331.369	353.209
4.003	-331.369	353.209
4.004	-331.369	353.209
4.005	-332.383	353.209
4.006	-332.383	352.201
4.007	-331.369	355.225
4.008	-332.383	353.209
4.009	-331.369	354.217
4.010	-331.369	353.209
4.011	-331.369	353.209
4.012	-331.369	353.209
4.013	-331.369	353.209
4.014	-332.383	353.209
4.015	-331.369	353.209
4.016	-331.369	352.201
4.017	-331.369	352.201
4.018	-332.383	352.201
4.019	-332.383	353.209
4.020	-332.383	352.201
4.021	-332.383	352.201
4.022	-332.383	353.209
4.023	-331.369	353.209
4.024	-332.383	352.201
4.025	-332.383	352.201
4.026	-331.369	352.201
4.027	-332.383	352.201
4.028	-332.383	353.209
4.029	-332.383	352.201
4.030	-332.383	352.201
4.031	-332.383	352.201
4.032	-332.383	352.201
4.033	-332.383	352.201
4.034	-332.383	352.201
4.035	-332.383	351.193
4.036	-332.383	353.209
4.037	-332.383	352.201
4.038	-333.397	352.201
4.039	-332.383	352.201
4.040	-332.383	353.209
4.041	-332.383	352.201
4.042	-333.397	352.201
4.043	-332.383	353.209
4.044	-332.383	352.201
4.045	-333.397	352.201
4.046	-332.383	353.209
4.047	-333.397	352.201
4.048	-333.397	352.201
4.049	-332.383	352.201
4.050	-332.383	353.209
4.051	-332.383	353.209
4.052	-332.383	353.209
4.053	-332.383	352.201
4.054	-333.397	353.209
4.055	-333.397	353.209
4.056	-333.397	352.201
4.057	-332.383	351.193
4.058	-332.383	353.209
4.059	-332.383	353.209
4.060	-332.383	353.209
4.061	-332.383	353.209
4.062	-332.383	353.209
4.063	-332.383	355.225
4.064	-332.383	352.201
4.065	-332.383	353.209
4.066	-332.383	352.201
4.067	-332.383	353.209
4.068	-333.397	352.201
4.069	-332.383	353.209
4.070	-332.383	354.217
4.071	-333.397	353.209
4.072	-332.383	353.209
4.073	-332.383	353.209
4.074	-333.397	353.209
4.075	-332.383	353.209
4.076	-333.397	353.209
4.077	-333.397	353.209
4.078	-333.397	354.217
4.079	-333.397	354.217
4.080	-333.397	353.209
4.081	-333.397	353.209
4.082	-333.397	354.217
4.083	-333.397	353.209
4.084	-332.383	354.217
4.085	-333.397	354.217
4.086	-333.397	353.209
4.087	-333.397	354.217
4.088	-332.383	354.217
4.089	-333.397	354.217
4.090	-333.397	354.217
4.091	-333.397	354.217
4.092	-333.397	355.225
4.093	-333.397	353.209
4.094	-333.397	353.209
4.095	-333.397	354.217
4.096	-333.397	353.209
4.097	-334.410	354.217
4.098	-334.410	353.209
4.099	-333.397	353.209
4.100	-333.397	353.209
4.101	-334.410	353.209
4.102	-334.410	353.209
4.103	-333.397	354.217
4.104	-333.397	353.209
4.105	-334.410	352.201
4.106	-334.410	353.209
4.107	-334.410	353.209
4.108	-334.410	352.201
4.109	-334.410	353.209
4.110	-333.397	353.209
4.111	-334.410	353.209
4.112	-333.397	353.209
4.113	-333.397	353.209
4.114	-334.410	352.201
4.115	-334.410	352.201
4.116	-333.397	353.209
4.117	-334.410	352.201
4.118	-334.410	353.209
4.119	-334.410	353.209
4.120	-334.410	353.209
4.121	-333.397	353.209
4.122	-333.397	353.209
4.123	-333.397	353.209
4.124	-333.397	352.201
4.125	-333.397	352.201
4.126	-335.424	352.201
4.127	-332.383	352.201
4.128	-334.410	352.201
4.129	-333.397	352.201
4.130	-334.410	352.201
4.131	-333.397	352.201
4.132	-333.397	352.201
4.133	-333.397	352.201
4.134	-333.397	351.193
4.135	-333.397	352.201
4.136	-333.397	351.193
4.137	-333.397	352.201
4.138	-333.397	352.201
4.139	-333.397	352.201
4.140	-333.397	351.193
4.141	-333.397	352.201
4.142	-333.397	351.193
4.143	-333.397	352.201
4.144	-333.397	351.193
4.145	-333.397	352.201
4.146	-332.383	352.201
4.147	-333.397	352.201
4.148	-332.383	352.201
4.149	-333.397	351.193
4.150	-332.383	352.201
4.151	-333.397	350.185
4.152	-332.383	351.193
4.153	-332.383	352.201
4.154	-332.383	351.193
4.155	-332.383	351.193
4.156	-332.383	352.201
4.157	-332.383	351.193
4.158	-332.383	351.193
4.159	-332.383	352.201
4.160	-332.383	351.193
4.161	-332.383	352.201
4.162	-332.383	352.201
4.163	-331.369	351.193
4.164	-332.383	352.201
4.165	-332.383	352.201
4.166	-331.369	352.201
4.167	-332.383	351.193
4.168	-332.383	351.193
4.169	-332.383	352.201
4.170	-331.369	352.201
4.171	-332.383	352.201
4.172	-332.383	352.201
4.173	-332.383	352.201
4.174	-332.383	352.201
4.175	-332.383	352.201
4.176	-331.369	352.201
4.177	-332.383	352.201
4.178	-330.356	352.201
4.179	-332.383	353.209
4.180	-332.383	352.201
4.181	-332.383	352.201
4.182	-331.369	352.201
4.183	-331.369	351.193
4.184	-332.383	351.193
4.185	-331.369	352.201
4.186	-331.369	351.193
4.187	-332.383	352.201
4.188	-331.369	353.209
4.189	-332.383	352.201
4.190	-331.369	352.201
4.191	-331.369	352.201
4.192	-332.383	352.201
4.193	-331.369	352.201
4.194	-332.383	352.201
4.195	-331.369	352.201
4.196	-331.369	352.201
4.197	-331.369	352.201
4.198	-331.369	351.193
4.199	-331.369	353.209
4.200	-331.369	351.193
4.201	-331.369	352.201
4.202	-332.383	351.193
4.203	-330.356	352.201
4.204	-331.369	352.201
4.205	-331.369	352.201
4.206	-332.383	352.201
4.207	-332.383	350.185
4.208	-331.369	352.201
4.209	-331.369	351.193
4.210	-332.383	352.201
4.211	-331.369	351.193
4.212	-332.383	351.193
4.213	-331.369	351.193
4.214	-331.369	352.201
4.215	-332.383	351.193
4.216	-332.383	351.193
4.217	-332.383	351.193
4.218	-332.383	351.193
4.219	-332.383	351.193
4.220	-332.383	351.193
4.221	-332.383	351.193
4.222	-331.369	351.193
4.223	-332.383	351.193
4.224	-332.383	352.201
4.225	-331.369	351.193
4.226	-331.369	351.193
4.227	-332.383	351.193
4.228	-332.383	351.193
4.229	-332.383	351.193
4.230	-332.383	351.193
4.231	-332.383	351.193
4.232	-332.383	351.193
4.233	-332.383	351.193
4.234	-332.383	351.193
4.235	-332.383	351.193
4.236	-332.383	350.185
4.237	-333.397	351.193
4.238	-332.383	350.185
4.239	-332.383	351.193
4.240	-332.383	351.193
4.241	-332.383	351.193
4.242	-332.383	351.193
4.243	-332.383	351.193
4.244	-332.383	351.193
4.245	-332.383	351.193
4.246	-332.383	351.193
4.247	-332.383	351.193
4.248	-332.383	351.193
4.249	-332.383	351.193
4.250	-332.383	351.193
4.251	-332.383	352.201
4.252	-332.383	351.193
4.253	-332.383	351.193
4.254	-332.383	351.193
4.255	-332.383	351.193
4.256	-332.383	351.193
4.257	-331.369	352.201
4.258	-332.383	351.193
4.259	-332.383	351.193
4.260	-332.383	351.193
4.261	-332.383	351.193
4.262	-332.383	352.201
4.263	-332.383	349.177
4.264	-332.383	352.201
4.265	-332.383	352.201
4.266	-333.397	352.201
4.267	-332.383	351.193
4.268	-332.383	351.193
4.269	-332.383	351.193
4.270	-332.383	352.201
4.271	-332.383	352.201
4.272	-332.383	351.193
4.273	-332.383	352.201
4.274	-332.383	352.201
4.275	-332.383	352.201
4.276	-332.383	351.193
4.277	-332.383	352.201
4.278	-332.383	352.201
4.279	-332.383	351.193
4.280	-332.383	351.193
4.281	-332.383	351.193
4.282	-332.383	352.201
4.283	-332.383	352.201
4.284	-332.383	352.201
4.285	-332.383	351.193
4.286	-332.383	352.201
4.287	-332.383	351.193
4.288	-332.383	351.193
4.289	-332.383	351.193
4.290	-332.383	350.185
4.291	-332.383	351.193
4.292	-331.369	350.185
4.293	-332.383	351.193
4.294	-332.383	351.193
4.295	-332.383	351.193
4.296	-332.383	351.193
4.297	-332.383	351.193
4.298	-332.383	350.185
4.299	-332.383	351.193
4.300	-332.383	351.193
4.301	-331.369	350.185
4.302	-331.369	350.185
4.303	-332.383	351.193
4.304	-331.369	350.185
4.305	-332.383	350.185
4.306	-332.383	350.185
4.307	-332.383	350.185
4.308	-332.383	349.177
4.309	-331.369	350.185
4.310	-331.369	350.185
4.311	-331.369	350.185
4.312	-332.383	350.185
4.313	-332.383	350.185
4.314	-331.369	349.177
4.315	-331.369	349.177
4.316	-331.369	350.185
4.317	-330.356	349.177
4.318	-332.383	350.185
4.319	-331.369	350.185
4.320	-331.369	350.185
4.321	-331.369	350.185
4.322	-331.369	350.185
4.323	-331.369	350.185
4.324	-330.356	350.185
4.325	-330.356	350.185
4.326	-330.356	350.185
4.327	-330.356	351.193
4.328	-330.356	350.185
4.329	-331.369	350.185
4.330	-331.369	350.185
4.331	-330.356	351.193
4.332	-330.356	351.193
4.333	-331.369	350.185
4.334	-330.356	350.185
4.335	-331.369	351.193
4.336	-331.369	351.193
4.337	-330.356	351.193
4.338	-331.369	351.193
4.339	-331.369	351.193
4.340	-330.356	351.193
4.341	-331.369	351.193
4.342	-331.369	351.193
4.343	-331.369	351.193
4.344	-330.356	351.193
4.345	-331.369	351.193
4.346	-331.369	350.185
4.347	-330.356	352.201
4.348	-331.369	351.193
4.349	-331.369	351.193
4.350	-331.369	351.193
4.351	-331.369	351.193
4.352	-331.369	351.193
4.353	-331.369	352.201
4.354	-331.369	351.193
4.355	-331.369	351.193
4.356	-332.383	351.193
4.357	-331.369	351.193
4.358	-332.383	351.193
4.359	-331.369	351.193
4.360	-332.383	351.193
4.361	-331.369	351.193
4.362	-331.369	352.201
4.363	-332.383	351.193
4.364	-332.383	351.193
4.365	-332.383	351.193
4.366	-331.369	351.193
4.367	-332.383	351.193
4.368	-331.369	351.193
4.369	-332.383	351.193
4.370	-332.383	350.185
4.371	-331.369	350.185
4.372	-331.369	351.193
4.373	-332.383	351.193
4.374	-332.383	351.193
4.375	-331.369	350.185
4.376	-332.383	350.185
4.377	-331.369	348.169
4.378	-332.383	350.185
4.379	-331.369	350.185
4.380	-331.369	350.185
4.381	-331.369	350.185
4.382	-332.383	350.185
4.383	-331.369	349.177
4.384	-331.369	350.185
4.385	-331.369	349.177
4.386	-332.383	349.177
4.387	-331.369	349.177
4.388	-331.369	349.177
4.389	-332.383	349.177
4.390	-331.369	349.177
4.391	-331.369	348.169
4.392	-331.369	349.177
4.393	-331.369	349.177
4.394	-330.356	349.177
4.395	-330.356	349.177
4.396	-330.356	349.177
4.397	-330.356	349.177
4.398	-331.369	349.177
4.399	-330.356	349.177
4.400	-329.342	349.177
4.401	-331.369	348.169
4.402	-330.356	349.177
4.403	-330.356	350.185
4.404	-330.356	349.177
4.405	-329.342	348.169
4.406	-330.356	347.160
4.407	-330.356	348.169
4.408	-329.342	348.169
4.409	-330.356	349.177
4.410	-330.356	348.169
4.411	-329.342	348.169
4.412	-328.328	348.169
4.413	-329.342	348.169
4.414	-329.342	348.169
4.415	-329.342	348.169
4.416	-329.342	348.169
4.417	-329.342	348.169
4.418	-330.356	348.169
4.419	-329.342	348.169
4.420	-329.342	348.169
4.421	-329.342	348.169
4.422	-328.328	348.169
4.423	-328.328	347.160
4.424	-328.328	348.169
4.425	-328.328	348.169
4.426	-328.328	347.160
4.427	-328.328	348.169
4.428	-328.328	347.160
4.429	-328.328	348.169
4.430	-327.315	349.177
4.431	-328.328	348.169
4.432	-328.328	348.169
4.433	-328.328	347.160
4.434	-328.328	347.160
4.435	-328.328	347.160
4.436	-328.328	347.160
4.437	-327.315	347.160
4.438	-328.328	347.160
4.439	-326.301	347.160
4.440	-327.315	347.160
4.441	-328.328	347.160
4.442	-328.328	347.160
4.443	-327.315	346.152
4.444	-328.328	347.160
4.445	-327.315	347.160
4.446	-328.328	346.152
4.447	-327.315	347.160
4.448	-327.315	347.160
4.449	-328.328	347.160
4.450	-327.315	347.160
4.451	-327.315	346.152
4.452	-327.315	347.160
4.453	-328.328	347.160
4.454	-328.328	348.169
4.455	-327.315	348.169
4.456	-327.315	346.152
4.457	-327.315	346.152
4.458	-326.301	346.152
4.459	-327.315	346.152
4.460	-326.301	347.160
4.461	-327.315	347.160
4.462	-328.328	346.152
4.463	-327.315	348.169
4.464	-326.301	347.160
4.465	-326.301	347.160
4.466	-327.315	347.160
4.467	-325.287	345.144
4.468	-326.301	346.152
4.469	-326.301	347.160
4.470	-325.287	347.160
4.471	-325.287	347.160
4.472	-325.287	347.160
4.473	-325.287	347.160
4.474	-325.287	347.160
4.475	-325.287	347.160
4.476	-325.287	347.160
4.477	-325.287	347.160
4.478	-325.287	347.160
4.479	-324.274	347.160
4.480	-325.287	347.160
4.481	-324.274	346.152
4.482	-325.287	347.160
4.483	-324.274	347.160
4.484	-324.274	347.160
4.485	-324.274	347.160
4.486	-324.274	347.160
4.487	-324.274	347.160
4.488	-324.274	346.152
4.489	-323.260	347.160
4.490	-324.274	348.169
4.491	-323.260	347.160
4.492	-322.246	349.177
4.493	-323.260	346.152
4.494	-322.246	347.160
4.495	-322.246	348.169
4.496	-321.232	347.160
4.497	-321.232	347.160
4.498	-321.232	347.160
4.499	-321.232	347.160
4.500	-321.232	347.160
4.501	-321.232	347.160
4.502	-320.219	347.160
4.503	-320.219	347.160
4.504	-320.219	348.169
4.505	-320.219	347.160
4.506	-319.205	349.177
4.507	-320.219	348.169
4.508	-320.219	347.160
4.509	-318.191	347.160
4.510	-318.191	347.160
4.511	-318.191	347.160
4.512	-318.191	348.169
4.513	-317.178	348.169
4.514	-318.191	347.160
4.515	-317.178	347.160
4.516	-316.164	348.169
4.517	-316.164	348.169
4.518	-316.164	348.169
4.519	-317.178	347.160
4.520	-315.150	348.169
4.521	-315.150	348.169
4.522	-315.150	347.160
4.523	-315.150	347.160
4.524	-314.137	347.160
4.525	-314.137	347.160
4.526	-314.137	348.169
4.527	-313.123	347.160
4.528	-313.123	348.169
4.529	-312.109	348.169
4.530	-312.109	347.160
4.531	-312.109	347.160
4.532	-311.096	349.177
4.533	-312.109	347.160
4.534	-312.109	347.160
4.535	-311.096	347.160
4.536	-310.082	347.160
4.537	-310.082	347.160
4.538	-310.082	347.160
4.539	-310.082	347.160
4.540	-310.082	347.160
4.541	-310.082	347.160
4.542	-309.068	347.160
4.543	-308.055	347.160
4.544	-309.068	346.152
4.545	-308.055	345.144
4.546	-309.068	347.160
4.547	-308.055	347.160
4.548	-307.041	347.160
4.549	-307.041	347.160
4.550	-306.027	347.160
4.551	-306.027	346.152
4.552	-305.014	346.152
4.553	-305.014	346.152
4.554	-305.014	346.152
4.555	-305.014	346.152
4.556	-305.014	347.160
4.557	-304.000	346.152
4.558	-302.986	346.152
4.559	-304.000	346.152
4.560	-304.000	346.152
4.561	-304.000	346.152
4.562	-304.000	346.152
4.563	-304.000	346.152
4.564	-301.972	346.152
4.565	-302.986	346.152
4.566	-301.972	346.152
4.567	-302.986	345.144
4.568	-302.986	346.152
4.569	-301.972	346.152
4.570	-301.972	345.144
4.571	-300.959	346.152
4.572	-300.959	345.144
4.573	-301.972	345.144
4.574	-300.959	344.136
4.575	-300.959	346.152
4.576	-300.959	346.152
4.577	-300.959	346.152
4.578	-301.972	346.152
4.579	-300.959	346.152
4.580	-300.959	346.152
4.581	-300.959	346.152
4.582	-300.959	346.152
4.583	-299.945	347.160
4.584	-300.959	345.144
4.585	-300.959	346.152
4.586	-299.945	345.144
4.587	-300.959	346.152
4.588	-301.972	346.152
4.589	-300.959	345.144
4.590	-300.959	346.152
4.591	-299.945	346.152
4.592	-300.959	345.144
4.593	-299.945	346.152
4.594	-299.945	346.152
4.595	-300.959	346.152
4.596	-299.945	345.144
4.597	-299.945	346.152
4.598	-299.945	346.152
4.599	-299.945	346.152
4.600	-299.945	345.144
4.601	-300.959	346.152
4.602	-299.945	347.160
4.603	-300.959	345.144
4.604	-299.945	346.152
4.605	-300.959	346.152
4.606	-299.945	346.152
4.607	-300.959	346.152
4.608	-299.945	346.152
4.609	-299.945	346.152
4.610	-299.945	345.144
4.611	-299.945	346.152
4.612	-299.945	346.152
4.613	-299.945	345.144
4.614	-299.945	346.152
4.615	-299.945	345.144
4.616	-299.945	346.152
4.617	-300.959	346.152
4.618	-299.945	346.152
4.619	-300.959	346.152
4.620	-299.945	346.152
4.621	-299.945	344.136
4.622	-300.959	346.152
4.623	-299.945	345.144
4.624	-299.945	346.152
4.625	-299.945	345.144
4.626	-299.945	345.144
4.627	-299.945	345.144
4.628	-299.945	345.144
4.629	-299.945	346.152
4.630	-299.945	344.136
4.631	-299.945	346.152
4.632	-299.945	344.136
4.633	-299.945	345.144
4.634	-299.945	345.144
4.635	-299.945	345.144
4.636	-300.959	345.144
4.637	-299.945	345.144
4.638	-300.959	344.136
4.639	-299.945	345.144
4.640	-299.945	345.144
4.641	-299.945	345.144
4.642	-299.945	345.144
4.643	-300.959	345.144
4.644	-299.945	345.144
4.645	-299.945	345.144
4.646	-300.959	344.136
4.647	-299.945	345.144
4.648	-299.945	345.144
4.649	-299.945	345.144
4.650	-299.945	344.136
4.651	-299.945	345.144
4.652	-299.945	345.144
4.653	-299.945	345.144
4.654	-300.959	344.136
4.655	-299.945	345.144
4.656	-300.959	344.136
4.657	-299.945	345.144
4.658	-300.959	344.136
4.659	-299.945	344.136
4.660	-299.945	345.144
4.661	-299.945	342.120
4.662	-300.959	344.136
4.663	-299.945	344.136
4.664	-299.945	344.136
4.665	-299.945	344.136
4.666	-299.945	344.136
4.667	-300.959	344.136
4.668	-300.959	344.136
4.669	-299.945	344.136
4.670	-299.945	344.136
4.671	-299.945	344.136
4.672	-299.945	343.128
4.673	-299.945	344.136
4.674	-299.945	344.136
4.675	-299.945	344.136
4.676	-299.945	344.136
4.677	-299.945	344.136
4.678	-299.945	344.136
4.679	-299.945	345.144
4.680	-299.945	344.136
4.681	-299.945	344.136
4.682	-299.945	344.136
4.683	-299.945	344.136
4.684	-299.945	345.144
4.685	-299.945	345.144
4.686	-299.945	345.144
4.687	-299.945	346.152
4.688	-299.945	345.144
4.689	-299.945	344.136
4.690	-299.945	345.144
4.691	-299.945	345.144
4.692	-299.945	344.136
4.693	-299.945	345.144
4.694	-299.945	345.144
4.695	-299.945	345.144
4.696	-299.945	345.144
4.697	-299.945	345.144
4.698	-299.945	344.136
4.699	-299.945	345.144
4.700	-299.945	345.144
4.701	-299.945	345.144
4.702	-299.945	345.144
4.703	-299.945	344.136
4.704	-299.945	344.136
4.705	-299.945	345.144
4.706	-299.945	344.136
4.707	-299.945	345.144
4.708	-300.959	345.144
4.709	-299.945	344.136
4.710	-299.945	344.136
4.711	-299.945	345.144
4.712	-299.945	344.136
4.713	-300.959	345.144
4.714	-300.959	344.136
4.715	-299.945	345.144
4.716	-299.945	345.144
4.717	-300.959	343.128
4.718	-299.945	345.144
4.719	-300.959	345.144
4.720	-299.945	345.144
4.721	-299.945	345.144
4.722	-299.945	344.136
4.723	-300.959	345.144
4.724	-299.945	345.144
4.725	-300.959	344.136
4.726	-299.945	345.144
4.727	-300.959	344.136
4.728	-299.945	345.144
4.729	-299.945	344.136
4.730	-299.945	344.136
4.731	-299.945	345.144
4.732	-299.945	345.144
4.733	-299.945	345.144
4.734	-299.945	345.144
4.735	-300.959	345.144
4.736	-300.959	345.144
4.737	-299.945	345.144
4.738	-299.945	345.144
4.739	-299.945	344.136
4.740	-299.945	345.144
4.741	-299.945	345.144
4.742	-299.945	345.144
4.743	-299.945	344.136
4.744	-298.931	345.144
4.745	-299.945	345.144
4.746	-299.945	345.144
4.747	-299.945	346.152
4.748	-299.945	346.152
4.749	-299.945	344.136
4.750	-299.945	345.144
4.751	-299.945	345.144
4.752	-298.931	345.144
4.753	-298.931	345.144
4.754	-298.931	345.144
4.755	-298.931	345.144
4.756	-298.931	346.152
4.757	-297.918	345.144
4.758	-297.918	346.152
4.759	-297.918	345.144
4.760	-297.918	345.144
4.761	-298.931	345.144
4.762	-297.918	346.152
4.763	-298.931	346.152
4.764	-297.918	345.144
4.765	-296.904	346.152
4.766	-297.918	346.152
4.767	-297.918	346.152
4.768	-298.931	345.144
4.769	-296.904	345.144
4.770	-296.904	346.152
4.771	-296.904	346.152
4.772	-297.918	346.152
4.773	-296.904	346.152
4.774	-296.904	347.160
4.775	-297.918	346.152
4.776	-297.918	346.152
4.777	-296.904	346.152
4.778	-296.904	346.152
4.779	-296.904	346.152
4.780	-296.904	346.152
4.781	-296.904	346.152
4.782	-296.904	347.160
4.783	-297.918	346.152
4.784	-296.904	346.152
4.785	-296.904	346.152
4.786	-295.890	346.152
4.787	-296.904	346.152
4.788	-296.904	347.160
4.789	-295.890	346.152
4.790	-296.904	346.152
4.791	-296.904	346.152
4.792	-296.904	346.152
4.793	-296.904	346.152
4.794	-296.904	347.160
4.795	-295.890	347.160
4.796	-296.904	347.160
4.797	-296.904	346.152
4.798	-295.890	347.160
4.799	-297.918	346.152
4.800	-296.904	346.152
4.801	-297.918	346.152
4.802	-296.904	347.160
4.803	-296.904	348.169
4.804	-297.918	347.160
4.805	-296.904	347.160
4.806	-297.918	347.160
4.807	-296.904	348.169
4.808	-296.904	346.152
4.809	-297.918	347.160
4.810	-296.904	347.160
4.811	-297.918	347.160
4.812	-297.918	347.160
4.813	-297.918	346.152
4.814	-296.904	348.169
4.815	-296.904	346.152
4.816	-297.918	346.152
4.817	-298.931	346.152
4.818	-297.918	346.152
4.819	-297.918	346.152
4.820	-297.918	346.152
4.821	-297.918	346.152
4.822	-298.931	346.152
4.823	-297.918	346.152
4.824	-297.918	346.152
4.825	-297.918	346.152
4.826	-298.931	346.152
4.827	-298.931	345.144
4.828	-297.918	347.160
4.829	-297.918	346.152
4.830	-297.918	348.169
4.831	-297.918	347.160
4.832	-297.918	347.160
4.833	-297.918	347.160
4.834	-297.918	347.160
4.835	-297.918	347.160
4.836	-297.918	347.160
4.837	-297.918	347.160
4.838	-296.904	347.160
4.839	-296.904	347.160
4.840	-296.904	347.160
4.841	-296.904	347.160
4.842	-297.918	347.160
4.843	-296.904	347.160
4.844	-297.918	347.160
4.845	-295.890	347.160
4.846	-296.904	347.160
4.847	-296.904	347.160
4.848	-296.904	348.169
4.849	-296.904	347.160
4.850	-296.904	347.160
4.851	-296.904	347.160
4.852	-296.904	347.160
4.853	-296.904	347.160
4.854	-296.904	348.169
4.855	-295.890	347.160
4.856	-295.890	347.160
4.857	-295.890	348.169
4.858	-295.890	347.160
4.859	-296.904	349.177
4.860	-296.904	348.169
4.861	-295.890	348.169
4.862	-295.890	348.169
4.863	-296.904	348.169
4.864	-296.904	348.169
4.865	-295.890	349.177
4.866	-295.890	349.177
4.867	-295.890	349.177
4.868	-295.890	348.169
4.869	-296.904	349.177
4.870	-295.890	349.177
4.871	-295.890	349.177
4.872	-295.890	349.177
4.873	-295.890	349.177
4.874	-295.890	349.177
4.875	-295.890	349.177
4.876	-295.890	349.177
4.877	-295.890	349.177
4.878	-295.890	349.177
4.879	-295.890	349.177
4.880	-295.890	349.177
4.881	-295.890	349.177
4.882	-295.890	349.177
4.883	-295.890	349.177
4.884	-295.890	349.177
4.885	-295.890	349.177
4.886	-295.890	351.193
4.887	-296.904	349.177
4.888	-295.890	349.177
4.889	-295.890	348.169
4.890	-295.890	349.177
4.891	-295.890	351.193
4.892	-295.890	349.177
4.893	-295.890	350.185
4.894	-295.890	350.185
4.895	-296.904	349.177
4.896	-295.890	349.177
4.897	-295.890	349.177
4.898	-295.890	350.185
4.899	-295.890	349.177
4.900	-295.890	349.177
4.901	-295.890	349.177
4.902	-295.890	350.185
4.903	-295.890	350.185
4.904	-296.904	350.185
4.905	-295.890	350.185
4.906	-295.890	350.185
4.907	-295.890	350.185
4.908	-295.890	350.185
4.909	-295.890	350.185
4.910	-295.890	350.185
4.911	-295.890	350.185
4.912	-295.890	351.193
4.913	-295.890	350.185
4.914	-295.890	351.193
4.915	-296.904	351.193
4.916	-295.890	351.193
4.917	-295.890	351.193
4.918	-295.890	351.193
4.919	-295.890	350.185
4.920	-295.890	351.193
4.921	-295.890	351.193
4.922	-295.890	351.193
4.923	-295.890	350.185
4.924	-295.890	350.185
4.925	-295.890	351.193
4.926	-296.904	351.193
4.927	-295.890	350.185
4.928	-296.904	350.185
4.929	-296.904	351.193
4.930	-295.890	351.193
4.931	-295.890	351.193
4.932	-295.890	351.193
4.933	-295.890	350.185
4.934	-295.890	351.193
4.935	-295.890	351.193
4.936	-296.904	350.185
4.937	-295.890	351.193
4.938	-296.904	351.193
4.939	-296.904	351.193
4.940	-296.904	351.193
4.941	-295.890	351.193
4.942	-295.890	351.193
4.943	-295.890	351.193
4.944	-296.904	352.201
4.945	-295.890	351.193
4.946	-295.890	351.193
4.947	-295.890	351.193
4.948	-295.890	351.193
4.949	-295.890	351.193
4.950	-295.890	351.193
4.951	-295.890	351.193
4.952	-294.877	351.193
4.953	-295.890	351.193
4.954	-295.890	351.193
4.955	-295.890	351.193
4.956	-295.890	352.201
4.957	-295.890	352.201
4.958	-295.890	352.201
4.959	-294.877	351.193
4.960	-294.877	351.193
4.961	-295.890	351.193
4.962	-294.877	352.201
4.963	-294.877	352.201
4.964	-294.877	352.201
4.965	-294.877	351.193
4.966	-294.877	352.201
4.967	-293.863	352.201
4.968	-293.863	351.193
4.969	-293.863	351.193
4.970	-293.863	352.201
4.971	-293.863	351.193
4.972	-292.849	352.201
4.973	-293.863	354.217
4.974	-292.849	351.193
4.975	-292.849	353.209
4.976	-292.849	352.201
4.977	-292.849	352.201
4.978	-292.849	352.201
4.979	-292.849	351.193
4.980	-292.849	352.201
4.981	-291.836	352.201
4.982	-291.836	352.201
4.983	-291.836	352.201
4.984	-290.822	352.201
4.985	-291.836	351.193
4.986	-291.836	352.201
4.987	-290.822	352.201
4.988	-291.836	351.193
4.989	-290.822	352.201
4.990	-290.822	352.201
4.991	-290.822	352.201
4.992	-290.822	352.201
4.993	-290.822	352.201
4.994	-289.808	352.201
4.995	-289.808	352.201
4.996	-290.822	351.193
4.997	-289.808	352.201
4.998	-289.808	352.201
4.999	-288.795	352.201
5.000	-289.808	351.193
5.001	-289.808	351.193
5.002	-289.808	352.201
5.003	-289.808	352.201
5.004	-287.781	354.217
5.005	-288.795	351.193
5.006	-287.781	352.201
5.007	-287.781	352.201
5.008	-287.781	352.201
5.009	-287.781	352.201
5.010	-287.781	352.201
5.011	-287.781	351.193
5.012	-287.781	352.201
5.013	-287.781	352.201
5.014	-287.781	352.201
5.015	-287.781	352.201
5.016	-286.767	352.201
5.017	-286.767	352.201
5.018	-285.754	352.201
5.019	-286.767	352.201
5.020	-286.767	351.193
5.021	-286.767	351.193
5.022	-285.754	351.193
5.023	-286.767	351.193
5.024	-285.754	352.201
5.025	-285.754	351.193
5.026	-286.767	352.201
5.027	-285.754	351.193
5.028	-285.754	351.193
5.029	-285.754	351.193
5.030	-285.754	352.201
5.031	-285.754	352.201
5.032	-284.740	351.193
5.033	-285.754	352.201
5.034	-285.754	351.193
5.035	-285.754	351.193
5.036	-285.754	350.185
5.037	-284.740	351.193
5.038	-284.740	351.193
5.039	-284.740	351.193
5.040	-285.754	351.193
5.041	-285.754	351.193
5.042	-285.754	351.193
5.043	-285.754	351.193
5.044	-284.740	351.193
5.045	-284.740	350.185
5.046	-284.740	351.193
5.047	-284.740	350.185
5.048	-285.754	350.185
5.049	-284.740	351.193
5.050	-284.740	350.185
5.051	-284.740	350.185
5.052	-284.740	350.185
5.053	-284.740	351.193
5.054	-285.754	350.185
5.055	-284.740	350.185
5.056	-286.767	350.185
5.057	-284.740	351.193
5.058	-285.754	351.193
5.059	-284.740	350.185
5.060	-284.740	350.185
5.061	-284.740	350.185
5.062	-284.740	350.185
5.063	-285.754	351.193
5.064	-284.740	350.185
5.065	-284.740	350.185
5.066	-284.740	350.185
5.067	-284.740	349.177
5.068	-285.754	350.185
5.069	-284.740	350.185
5.070	-284.740	350.185
5.071	-284.740	350.185
5.072	-284.740	350.185
5.073	-284.740	350.185
5.074	-284.740	350.185
5.075	-284.740	350.185
5.076	-283.726	350.185
5.077	-284.740	349.177
5.078	-283.726	350.185
5.079	-283.726	349.177
5.080	-283.726	350.185
5.081	-284.740	349.177
5.082	-283.726	350.185
5.083	-283.726	349.177
5.084	-283.726	349.177
5.085	-283.726	350.185
5.086	-283.726	349.177
5.087	-282.712	350.185
5.088	-283.726	350.185
5.089	-283.726	350.185
5.090	-282.712	350.185
5.091	-282.712	350.185
5.092	-282.712	350.185
5.093	-282.712	350.185
5.094	-281.699	350.185
5.095	-282.712	349.177
5.096	-281.699	350.185
5.097	-281.699	350.185
5.098	-281.699	349.177
5.099	-281.699	350.185
5.100	-282.712	349.177
5.101	-281.699	350.185
5.102	-281.699	350.185
5.103	-281.699	350.185
5.104	-281.699	350.185
5.105	-280.685	350.185
5.106	-281.699	348.169
5.107	-280.685	350.185
5.108	-280.685	350.185
5.109	-280.685	350.185
5.110	-280.685	349.177
5.111	-280.685	349.177
5.112	-280.685	350.185
5.113	-279.671	348.169
5.114	-280.685	349.177
5.115	-279.671	349.177
5.116	-279.671	350.185
5.117	-278.658	350.185
5.118	-279.671	349.177
5.119	-278.658	350.185
5.120	-279.671	349.177
5.121	-279.671	349.177
5.122	-278.658	349.177
5.123	-277.644	349.177
5.124	-277.644	348.169
5.125	-278.658	348.169
5.126	-277.644	349.177
5.127	-278.658	349.177
5.128	-277.644	348.169
5.129	-277.644	348.169
5.130	-277.644	348.169
5.131	-277.644	347.160
5.132	-277.644	348.169
5.133	-276.630	348.169
5.134	-276.630	348.169
5.135	-277.644	348.169
5.136	-275.617	347.160
5.137	-276.630	347.160
5.138	-276.630	348.169
5.139	-276.630	347.160
5.140	-275.617	347.160
5.141	-276.630	347.160
5.142	-275.617	346.152
5.143	-275.617	347.160
5.144	-275.617	346.152
5.145	-275.617	347.160
5.146	-275.617	347.160
5.147	-275.617	347.160
5.148	-275.617	346.152
5.149	-275.617	347.160
5.150	-275.617	347.160
5.151	-275.617	347.160
5.152	-275.617	347.160
5.153	-275.617	346.152
5.154	-275.617	346.152
5.155	-274.603	346.152
5.156	-274.603	346.152
5.157	-274.603	346.152
5.158	-274.603	346.152
5.159	-273.589	346.152
5.160	-274.603	346.152
5.161	-274.603	346.152
5.162	-274.603	346.152
5.163	-273.589	346.152
5.164	-274.603	346.152
5.165	-273.589	346.152
5.166	-273.589	345.144
5.167	-273.589	346.152
5.168	-272.576	347.160
5.169	-272.576	345.144
5.170	-272.576	347.160
5.171	-273.589	343.128
5.172	-272.576	346.152
5.173	-272.576	346.152
5.174	-272.576	346.152
5.175	-272.576	345.144
5.176	-271.562	346.152
5.177	-272.576	346.152
5.178	-271.562	346.152
5.179	-271.562	346.152
5.180	-271.562	346.152
5.181	-271.562	346.152
5.182	-271.562	344.136
5.183	-271.562	346.152
5.184	-270.548	346.152
5.185	-270.548	346.152
5.186	-270.548	346.152
5.187	-270.548	345.144
5.188	-270.548	345.144
5.189	-270.548	345.144
5.190	-269.535	346.152
5.191	-269.535	345.144
5.192	-269.535	346.152
5.193	-269.535	345.144
5.194	-269.535	346.152
5.195	-269.535	347.160
5.196	-268.521	345.144
5.197	-268.521	345.144
5.198	-268.521	345.144
5.199	-268.521	345.144
5.200	-269.535	345.144
5.201	-267.507	344.136
5.202	-267.507	345.144
5.203	-267.507	345.144
5.204	-268.521	345.144
5.205	-267.507	344.136
5.206	-267.507	344.136
5.207	-267.507	345.144
5.208	-267.507	344.136
5.209	-267.507	345.144
5.210	-267.507	344.136
5.211	-267.507	344.136
5.212	-266.494	344.136
5.213	-266.494	344.136
5.214	-266.494	345.144
5.215	-266.494	344.136
5.216	-266.494	343.128
5.217	-266.494	344.136
5.218	-265.480	344.136
5.219	-265.480	344.136
5.220	-265.480	343.128
5.221	-265.480	344.136
5.222	-265.480	344.136
5.223	-265.480	343.128
5.224	-264.466	344.136
5.225	-265.480	342.120
5.226	-264.466	343.128
5.227	-264.466	343.128
5.228	-263.452	342.120
5.229	-263.452	343.128
5.230	-263.452	342.120
5.231	-263.452	342.120
5.232	-263.452	342.120
5.233	-263.452	342.120
5.234	-263.452	342.120
5.235	-262.439	342.120
5.236	-262.439	342.120
5.237	-262.439	342.120
5.238	-262.439	341.112
5.239	-261.425	341.112
5.240	-261.425	341.112
5.241	-261.425	341.112
5.242	-261.425	341.112
5.243	-260.411	340.104
5.244	-260.411	340.104
5.245	-260.411	340.104
5.246	-261.425	339.096
5.247	-260.411	339.096
5.248	-260.411	340.104
5.249	-260.411	339.096
5.250	-259.398	339.096
5.251	-259.398	339.096
5.252	-259.398	337.079
5.253	-259.398	339.096
5.254	-259.398	339.096
5.255	-259.398	339.096
5.256	-258.384	338.088
5.257	-258.384	338.088
5.258	-258.384	336.071
5.259	-258.384	338.088
5.260	-258.384	337.079
5.261	-258.384	337.079
5.262	-258.384	336.071
5.263	-257.370	336.071
5.264	-257.370	336.071
5.265	-257.370	336.071
5.266	-257.370	335.063
5.267	-257.370	335.063
5.268	-257.370	335.063
5.269	-257.370	336.071
5.270	-257.370	335.063
5.271	-256.357	335.063
5.272	-257.370	335.063
5.273	-257.370	334.055
5.274	-256.357	334.055
5.275	-256.357	334.055
5.276	-256.357	334.055
5.277	-256.357	334.055
5.278	-256.357	333.047
5.279	-256.357	334.055
5.280	-256.357	334.055
5.281	-256.357	333.047
5.282	-255.343	335.063
5.283	-256.357	333.047
5.284	-256.357	333.047
5.285	-256.357	333.047
5.286	-256.357	332.039
5.287	-256.357	332.039
5.288	-255.343	332.039
5.289	-256.357	332.039
5.290	-255.343	331.031
5.291	-255.343	332.039
5.292	-255.343	331.031
5.293	-255.343	331.031
5.294	-255.343	331.031
5.295	-255.343	331.031
5.296	-255.343	331.031
5.297	-255.343	330.023
5.298	-255.343	331.031
5.299	-255.343	330.023
5.300	-254.329	330.023
5.301	-254.329	330.023
5.302	-254.329	330.023
5.303	-254.329	329.015
5.304	-254.329	329.015
5.305	-253.316	328.007
5.306	-253.316	328.007
5.307	-254.329	329.015
5.308	-253.316	328.007
5.309	-252.302	328.007
5.310	-253.316	326.998
5.311	-252.302	326.998
5.312	-252.302	326.998
5.313	-252.302	326.998
5.314	-252.302	326.998
5.315	-252.302	326.998
5.316	-251.288	325.990
5.317	-251.288	325.990
5.318	-251.288	325.990
5.319	-250.275	325.990
5.320	-251.288	325.990
5.321	-250.275	325.990
5.322	-250.275	325.990
5.323	-249.261	324.982
5.324	-250.275	323.974
5.325	-249.261	324.982
5.326	-249.261	324.982
5.327	-248.247	323.974
5.328	-249.261	323.974
5.329	-248.247	323.974
5.330	-248.247	322.966
5.331	-247.233	322.966
5.332	-247.233	322.966
5.333	-247.233	322.966
5.334	-247.233	322.966
5.335	-247.233	319.942
5.336	-246.220	323.974
5.337	-246.220	321.958
5.338	-246.220	322.966
5.339	-246.220	321.958
5.340	-245.206	321.958
5.341	-245.206	320.950
5.342	-245.206	320.950
5.343	-244.192	321.958
5.344	-244.192	321.958
5.345	-244.192	321.958
5.346	-244.192	320.950
5.347	-243.179	320.950
5.348	-243.179	320.950
5.349	-243.179	319.942
5.350	-243.179	319.942
5.351	-243.179	319.942
5.352	-242.165	320.950
5.353	-243.179	319.942
5.354	-243.179	319.942
5.355	-243.179	319.942
5.356	-241.151	319.942
5.357	-243.179	318.934
5.358	-242.165	319.942
5.359	-242.165	319.942
5.360	-241.151	318.934
5.361	-242.165	317.926
5.362	-242.165	317.926
5.363	-241.151	319.942
5.364	-241.151	318.934
5.365	-241.151	318.934
5.366	-240.138	317.926
5.367	-240.138	318.934
5.368	-241.151	318.934
5.369	-240.138	317.926
5.370	-240.138	317.926
5.371	-240.138	317.926
5.372	-240.138	316.917
5.373	-240.138	316.917
5.374	-239.124	317.926
5.375	-239.124	316.917
5.376	-239.124	316.917
5.377	-239.124	316.917
5.378	-240.138	316.917
5.379	-239.124	315.909
5.380	-239.124	315.909
5.381	-239.124	315.909
5.382	-239.124	315.909
5.383	-238.110	314.901
5.384	-238.110	314.901
5.385	-237.097	314.901
5.386	-238.110	312.885
5.387	-237.097	313.893
5.388	-237.097	313.893
5.389	-237.097	313.893
5.390	-237.097	313.893
5.391	-237.097	313.893
5.392	-237.097	312.885
5.393	-237.097	312.885
5.394	-236.083	312.885
5.395	-237.097	312.885
5.396	-236.083	311.877
5.397	-235.069	311.877
5.398	-236.083	311.877
5.399	-236.083	311.877
5.400	-235.069	311.877
5.401	-235.069	311.877
5.402	-235.069	311.877
5.403	-235.069	310.869
5.404	-235.069	311.877
5.405	-235.069	310.869
5.406	-235.069	310.869
5.407	-235.069	310.869
5.408	-234.056	310.869
5.409	-234.056	310.869
5.410	-234.056	310.869
5.411	-234.056	310.869
5.412	-234.056	310.869
5.413	-234.056	310.869
5.414	-234.056	310.869
5.415	-233.042	310.869
5.416	-233.042	310.869
5.417	-233.042	310.869
5.418	-233.042	309.861
5.419	-233.042	310.869
5.420	-233.042	310.869
5.421	-232.028	310.869
5.422	-233.042	310.869
5.423	-232.028	310.869
5.424	-233.042	309.861
5.425	-232.028	310.869
5.426	-232.028	309.861
5.427	-232.028	309.861
5.428	-233.042	308.853
5.429	-232.028	309.861
5.430	-232.028	309.861
5.431	-232.028	309.861
5.432	-232.028	309.861
5.433	-231.015	309.861
5.434	-232.028	309.861
5.435	-231.015	309.861
5.436	-231.015	309.861
5.437	-232.028	309.861
5.438	-232.028	308.853
5.439	-232.028	309.861
5.440	-231.015	308.853
5.441	-231.015	309.861
5.442	-231.015	308.853
5.443	-231.015	309.861
5.444	-231.015	308.853
5.445	-231.015	308.853
5.446	-232.028	309.861
5.447	-231.015	308.853
5.448	-231.015	308.853
5.449	-231.015	308.853
5.450	-231.015	308.853
5.451	-231.015	308.853
5.452	-231.015	308.853
5.453	-231.015	308.853
5.454	-231.015	308.853
5.455	-231.015	307.845
5.456	-232.028	308.853
5.457	-231.015	308.853
5.458	-232.028	307.845
5.459	-231.015	307.845
5.460	-231.015	307.845
5.461	-231.015	307.845
5.462	-231.015	307.845
5.463	-231.015	308.853
5.464	-231.015	306.836
5.465	-231.015	307.845
5.466	-231.015	307.845
5.467	-231.015	306.836
5.468	-231.015	306.836
5.469	-231.015	307.845
5.470	-231.015	306.836
5.471	-231.015	306.836
5.472	-231.015	306.836
5.473	-230.001	307.845
5.474	-231.015	306.836
5.475	-230.001	306.836
5.476	-228.987	305.828
5.477	-230.001	305.828
5.478	-230.001	306.836
5.479	-230.001	306.836
5.480	-230.001	305.828
5.481	-230.001	306.836
5.482	-228.987	305.828
5.483	-230.001	305.828
5.484	-228.987	305.828
5.485	-228.987	305.828
5.486	-228.987	304.820
5.487	-227.973	305.828
5.488	-228.987	305.828
5.489	-228.987	303.812
5.490	-228.987	303.812
5.491	-228.987	304.820
5.492	-228.987	304.820
5.493	-227.973	303.812
5.494	-227.973	304.820
5.495	-228.987	303.812
5.496	-228.987	303.812
5.497	-227.973	303.812
5.498	-227.973	302.804
5.499	-227.973	303.812
5.500	-227.973	303.812
5.501	-227.973	303.812
5.502	-227.973	303.812
5.503	-227.973	303.812
5.504	-227.973	303.812
5.505	-227.973	303.812
5.506	-226.960	302.804
5.507	-227.973	302.804
5.508	-226.960	302.804
5.509	-226.960	302.804
5.510	-226.960	303.812
5.511	-226.960	302.804
5.512	-226.960	302.804
5.513	-225.946	302.804
5.514	-225.946	301.796
5.515	-226.960	301.796
5.516	-225.946	302.804
5.517	-225.946	302.804
5.518	-225.946	302.804
5.519	-225.946	302.804
5.520	-225.946	301.796
5.521	-225.946	302.804
5.522	-225.946	302.804
5.523	-225.946	302.804
5.524	-224.932	302.804
5.525	-224.932	301.796
5.526	-224.932	301.796
5.527	-225.946	302.804
5.528	-224.932	301.796
5.529	-224.932	301.796
5.530	-223.919	301.796
5.531	-223.919	301.796
5.532	-223.919	299.780
5.533	-224.932	301.796
5.534	-223.919	301.796
5.535	-223.919	301.796
5.536	-223.919	301.796
5.537	-224.932	300.788
5.538	-223.919	300.788
5.539	-223.919	301.796
5.540	-223.919	299.780
5.541	-223.919	300.788
5.542	-223.919	300.788
5.543	-223.919	300.788
5.544	-223.919	300.788
5.545	-222.905	300.788
5.546	-223.919	300.788
5.547	-222.905	300.788
5.548	-223.919	300.788
5.549	-223.919	300.788
5.550	-223.919	300.788
5.551	-222.905	300.788
5.552	-222.905	299.780
5.553	-222.905	300.788
5.554	-222.905	300.788
5.555	-222.905	300.788
5.556	-222.905	300.788
5.557	-222.905	300.788
5.558	-222.905	300.788
5.559	-221.891	300.788
5.560	-222.905	300.788
5.561	-222.905	299.780
5.562	-222.905	300.788
5.563	-222.905	300.788
5.564	-222.905	300.788
5.565	-220.878	300.788
5.566	-222.905	299.780
5.567	-221.891	299.780
5.568	-221.891	299.780
5.569	-221.891	299.780
5.570	-221.891	299.780
5.571	-220.878	299.780
5.572	-220.878	299.780
5.573	-221.891	299.780
5.574	-220.878	300.788
5.575	-221.891	299.780
5.576	-220.878	299.780
5.577	-220.878	298.772
5.578	-221.891	299.780
5.579	-220.878	298.772
5.580	-220.878	298.772
5.581	-220.878	298.772
5.582	-220.878	298.772
5.583	-220.878	298.772
5.584	-219.864	298.772
5.585	-220.878	298.772
5.586	-219.864	298.772
5.587	-220.878	298.772
5.588	-219.864	297.764
5.589	-219.864	298.772
5.590	-219.864	297.764
5.591	-219.864	297.764
5.592	-219.864	297.764
5.593	-218.850	298.772
5.594	-218.850	297.764
5.595	-218.850	297.764
5.596	-219.864	297.764
5.597	-219.864	297.764
5.598	-218.850	297.764
5.599	-218.850	297.764
5.600	-218.850	297.764
5.601	-218.850	297.764
5.602	-218.850	297.764
5.603	-217.837	296.755
5.604	-218.850	297.764
5.605	-218.850	296.755
5.606	-218.850	296.755
5.607	-218.850	296.755
5.608	-217.837	296.755
5.609	-217.837	296.755
5.610	-217.837	295.747
5.611	-217.837	296.755
5.612	-217.837	295.747
5.613	-217.837	296.755
5.614	-217.837	295.747
5.615	-216.823	295.747
5.616	-217.837	295.747
5.617	-216.823	293.731
5.618	-217.837	296.755
5.619	-216.823	295.747
5.620	-216.823	295.747
5.621	-217.837	294.739
5.622	-216.823	294.739
5.623	-216.823	294.739
5.624	-216.823	294.739
5.625	-216.823	294.739
5.626	-215.809	294.739
5.627	-215.809	294.739
5.628	-215.809	294.739
5.629	-215.809	294.739
5.630	-214.796	295.747
5.631	-215.809	293.731
5.632	-215.809	294.739
5.633	-216.823	293.731
5.634	-215.809	294.739
5.635	-215.809	294.739
5.636	-214.796	293.731
5.637	-215.809	293.731
5.638	-215.809	294.739
5.639	-214.796	293.731
5.640	-214.796	294.739
5.641	-214.796	293.731
5.642	-214.796	294.739
5.643	-214.796	293.731
5.644	-214.796	292.723
5.645	-214.796	293.731
5.646	-214.796	293.731
5.647	-214.796	294.739
5.648	-214.796	293.731
5.649	-214.796	293.731
5.650	-214.796	293.731
5.651	-214.796	293.731
5.652	-214.796	293.731
5.653	-214.796	293.731
5.654	-213.782	293.731
5.655	-214.796	293.731
5.656	-213.782	293.731
5.657	-212.768	292.723
5.658	-214.796	292.723
5.659	-213.782	293.731
5.660	-213.782	292.723
5.661	-213.782	292.723
5.662	-214.796	292.723
5.663	-212.768	292.723
5.664	-213.782	291.715
5.665	-212.768	292.723
5.666	-212.768	291.715
5.667	-213.782	291.715
5.668	-213.782	290.707
5.669	-213.782	291.715
5.670	-212.768	292.723
5.671	-212.768	291.715
5.672	-211.755	291.715
5.673	-211.755	290.707
5.674	-212.768	292.723
5.675	-212.768	291.715
5.676	-212.768	291.715
5.677	-212.768	291.715
5.678	-212.768	290.707
5.679	-212.768	291.715
5.680	-211.755	290.707
5.681	-211.755	292.723
5.682	-210.741	290.707
5.683	-211.755	290.707
5.684	-211.755	290.707
5.685	-210.741	290.707
5.686	-210.741	290.707
5.687	-210.741	291.715
5.688	-210.741	291.715
5.689	-211.755	290.707
5.690	-210.741	291.715
5.691	-210.741	290.707
5.692	-210.741	290.707
5.693	-210.741	290.707
5.694	-209.727	290.707
5.695	-210.741	290.707
5.696	-210.741	290.707
5.697	-210.741	290.707
5.698	-209.727	290.707
5.699	-209.727	290.707
5.700	-209.727	289.699
5.701	-209.727	290.707
5.702	-208.713	289.699
5.703	-208.713	289.699
5.704	-209.727	289.699
5.705	-208.713	289.699
5.706	-208.713	288.691
5.707	-207.700	288.691
5.708	-208.713	288.691
5.709	-208.713	287.683
5.710	-208.713	287.683
5.711	-208.713	287.683
5.712	-208.713	286.674
5.713	-207.700	286.674
5.714	-208.713	286.674
5.715	-207.700	286.674
5.716	-207.700	286.674
5.717	-206.686	286.674
5.718	-207.700	285.666
5.719	-207.700	285.666
5.720	-207.700	284.658
5.721	-207.700	285.666
5.722	-206.686	284.658
5.723	-206.686	284.658
5.724	-206.686	284.658
5.725	-206.686	284.658
5.726	-206.686	283.650
5.727	-206.686	283.650
5.728	-205.672	284.658
5.729	-205.672	283.650
5.730	-205.672	282.642
5.731	-205.672	281.634
5.732	-205.672	283.650
5.733	-204.659	282.642
5.734	-204.659	281.634
5.735	-204.659	281.634
5.736	-204.659	281.634
5.737	-204.659	281.634
5.738	-204.659	281.634
5.739	-203.645	280.626
5.740	-204.659	280.626
5.741	-203.645	280.626
5.742	-203.645	279.618
5.743	-203.645	279.618
5.744	-203.645	278.610
5.745	-202.631	278.610
5.746	-202.631	277.602
5.747	-202.631	278.610
5.748	-203.645	277.602
5.749	-202.631	277.602
5.750	-202.631	277.602
5.751	-202.631	277.602
5.752	-201.618	277.602
5.753	-201.618	276.593
5.754	-201.618	277.602
5.755	-200.604	276.593
5.756	-201.618	275.585
5.757	-200.604	277.602
5.758	-199.590	274.577
5.759	-200.604	276.593
5.760	-199.590	274.577
5.761	-199.590	274.577
5.762	-199.590	274.577
5.763	-199.590	274.577
5.764	-199.590	274.577
5.765	-198.577	274.577
5.766	-198.577	274.577
5.767	-198.577	274.577
5.768	-198.577	274.577
5.769	-198.577	274.577
5.770	-198.577	274.577
5.771	-198.577	274.577
5.772	-197.563	272.561
5.773	-198.577	274.577
5.774	-197.563	274.577
5.775	-196.549	274.577
5.776	-197.563	273.569
5.777	-196.549	273.569
5.778	-197.563	273.569
5.779	-196.549	273.569
5.780	-196.549	273.569
5.781	-195.536	273.569
5.782	-196.549	273.569
5.783	-195.536	273.569
5.784	-195.536	273.569
5.785	-195.536	273.569
5.786	-195.536	273.569
5.787	-195.536	272.561
5.788	-195.536	272.561
5.789	-195.536	272.561
5.790	-195.536	272.561
5.791	-195.536	271.553
5.792	-194.522	272.561
5.793	-194.522	271.553
5.794	-195.536	271.553
5.795	-194.522	271.553
5.796	-194.522	271.553
5.797	-194.522	270.545
5.798	-194.522	270.545
5.799	-194.522	270.545
5.800	-194.522	271.553
5.801	-194.522	270.545
5.802	-193.508	270.545
5.803	-194.522	270.545
5.804	-193.508	270.545
5.805	-193.508	270.545
5.806	-193.508	270.545
5.807	-193.508	270.545
5.808	-193.508	270.545
5.809	-193.508	269.537
5.810	-193.508	270.545
5.811	-193.508	270.545
5.812	-193.508	269.537
5.813	-193.508	269.537
5.814	-192.495	269.537
5.815	-193.508	270.545
5.816	-193.508	266.512
5.817	-193.508	269.537
5.818	-194.522	268.529
5.819	-192.495	268.529
5.820	-192.495	268.529
5.821	-193.508	268.529
5.822	-193.508	267.521
5.823	-193.508	267.521
5.824	-192.495	267.521
5.825	-192.495	267.521
5.826	-192.495	266.512
5.827	-192.495	266.512
5.828	-192.495	267.521
5.829	-192.495	266.512
5.830	-192.495	266.512
5.831	-191.481	265.504
5.832	-192.495	266.512
5.833	-192.495	265.504
5.834	-191.481	265.504
5.835	-191.481	265.504
5.836	-192.495	265.504
5.837	-191.481	265.504
5.838	-191.481	264.496
5.839	-191.481	264.496
5.840	-191.481	263.488
5.841	-191.481	263.488
5.842	-191.481	263.488
5.843	-189.453	263.488
5.844	-190.467	264.496
5.845	-190.467	262.480
5.846	-190.467	262.480
5.847	-190.467	262.480
5.848	-190.467	262.480
5.849	-190.467	262.480
5.850	-189.453	261.472
5.851	-189.453	262.480
5.852	-189.453	261.472
5.853	-189.453	261.472
5.854	-188.440	261.472
5.855	-188.440	261.472
5.856	-188.440	261.472
5.857	-188.440	260.464
5.858	-188.440	261.472
5.859	-188.440	260.464
5.860	-187.426	260.464
5.861	-187.426	260.464
5.862	-187.426	260.464
5.863	-187.426	260.464
5.864	-186.412	259.456
5.865	-187.426	259.456
5.866	-186.412	259.456
5.867	-186.412	258.448
5.868	-186.412	259.456
5.869	-186.412	258.448
5.870	-185.399	258.448
5.871	-185.399	258.448
5.872	-184.385	257.440
5.873	-185.399	258.448
5.874	-185.399	257.440
5.875	-185.399	258.448
5.876	-184.385	258.448
5.877	-183.371	258.448
5.878	-184.385	258.448
5.879	-183.371	257.440
5.880	-183.371	258.448
5.881	-182.358	257.440
5.882	-183.371	257.440
5.883	-182.358	257.440
5.884	-182.358	256.431
5.885	-182.358	256.431
5.886	-182.358	256.431
5.887	-182.358	256.431
5.888	-182.358	255.423
5.889	-181.344	256.431
5.890	-180.330	254.415
5.891	-180.330	254.415
5.892	-180.330	254.415
5.893	-180.330	254.415
5.894	-180.330	253.407
5.895	-180.330	253.407
5.896	-180.330	253.407
5.897	-179.317	252.399
5.898	-179.317	251.391
5.899	-179.317	252.399
5.900	-179.317	251.391
5.901	-178.303	250.383
5.902	-178.303	250.383
5.903	-178.303	250.383
5.904	-178.303	249.375
5.905	-178.303	250.383
5.906	-177.289	249.375
5.907	-177.289	248.367
5.908	-177.289	248.367
5.909	-176.276	247.359
5.910	-176.276	247.359
5.911	-175.262	247.359
5.912	-175.262	246.350
5.913	-175.262	245.342
5.914	-175.262	246.350
5.915	-175.262	246.350
5.916	-174.248	245.342
5.917	-175.262	244.334
5.918	-174.248	244.334
5.919	-174.248	244.334
5.920	-174.248	243.326
5.921	-173.235	242.318
5.922	-173.235	243.326
5.923	-173.235	242.318
5.924	-172.221	242.318
5.925	-172.221	241.310
5.926	-172.221	242.318
5.927	-172.221	241.310
5.928	-171.207	241.310
5.929	-172.221	239.294
5.930	-171.207	240.302
5.931	-170.193	240.302
5.932	-170.193	239.294
5.933	-170.193	239.294
5.934	-169.180	238.286
5.935	-169.180	238.286
5.936	-169.180	238.286
5.937	-168.166	238.286
5.938	-168.166	237.278
5.939	-168.166	237.278
5.940	-168.166	237.278
5.941	-167.152	236.269
5.942	-167.152	237.278
5.943	-167.152	236.269
5.944	-167.152	236.269
5.945	-166.139	235.261
5.946	-166.139	235.261
5.947	-167.152	234.253
5.948	-166.139	234.253
5.949	-166.139	234.253
5.950	-165.125	234.253
5.951	-165.125	233.245
5.952	-164.111	233.245
5.953	-164.111	233.245
5.954	-164.111	233.245
5.955	-163.098	232.237
5.956	-164.111	232.237
5.957	-162.084	231.229
5.958	-163.098	231.229
5.959	-162.084	229.213
5.960	-162.084	230.221
5.961	-162.084	230.221
5.962	-161.070	229.213
5.963	-162.084	228.205
5.964	-161.070	228.205
5.965	-160.057	228.205
5.966	-161.070	228.205
5.967	-160.057	228.205
5.968	-160.057	227.197
5.969	-159.043	226.188
5.970	-160.057	226.188
5.971	-159.043	226.188
5.972	-159.043	225.180
5.973	-158.029	225.180
5.974	-158.029	224.172
5.975	-158.029	223.164
5.976	-158.029	223.164
5.977	-158.029	223.164
5.978	-158.029	222.156
5.979	-157.016	222.156
5.980	-156.002	222.156
5.981	-156.002	220.140
5.982	-154.988	221.148
5.983	-154.988	220.140
5.984	-154.988	219.132
5.985	-154.988	219.132
5.986	-153.974	218.124
5.987	-153.974	217.116
5.988	-152.961	216.107
5.989	-153.974	216.107
5.990	-151.947	215.099
5.991	-151.947	215.099
5.992	-151.947	214.091
5.993	-150.933	214.091
5.994	-150.933	214.091
5.995	-150.933	212.075
5.996	-149.920	212.075
5.997	-149.920	211.067
5.998	-149.920	210.059
5.999	-148.906	210.059
6.000	-149.920	209.051
6.001	-148.906	208.043
6.002	-147.892	207.035
6.003	-147.892	207.035
6.004	-147.892	206.026
6.005	-146.879	205.018
6.006	-145.865	205.018
6.007	-146.879	203.002
6.008	-145.865	204.010
6.009	-145.865	203.002
6.010	-145.865	201.994
6.011	-144.851	200.986
6.012	-144.851	200.986
6.013	-144.851	198.970
6.014	-143.838	198.970
6.015	-142.824	197.962
6.016	-142.824	197.962
6.017	-141.810	196.954
6.018	-141.810	195.945
6.019	-141.810	195.945
6.020	-140.797	194.937
6.021	-139.783	193.929
6.022	-139.783	192.921
6.023	-139.783	191.913
6.024	-139.783	190.905
6.025	-138.769	189.897
6.026	-138.769	188.889
6.027	-137.756	188.889
6.028	-137.756	187.881
6.029	-137.756	186.873
6.030	-136.742	185.864
6.031	-136.742	184.856
6.032	-135.728	183.848
6.033	-134.714	181.832
6.034	-134.714	182.840
6.035	-134.714	181.832
6.036	-134.714	180.824
6.037	-133.701	179.816
6.038	-133.701	179.816
6.039	-132.687	177.800
6.040	-132.687	176.792
6.041	-131.673	175.783
6.042	-130.660	175.783
6.043	-130.660	174.775
6.044	-130.660	173.767
6.045	-129.646	172.759
6.046	-129.646	172.759
6.047	-128.632	171.751
6.048	-128.632	169.735
6.049	-128.632	168.727
6.050	-128.632	168.727
6.051	-127.619	167.719
6.052	-126.605	166.711
6.053	-126.605	165.702
6.054	-125.591	164.694
6.055	-126.605	164.694
6.056	-125.591	164.694
6.057	-125.591	163.686
6.058	-125.591	162.678
6.059	-123.564	161.670
6.060	-123.564	160.662
6.061	-123.564	160.662
6.062	-122.550	159.654
6.063	-122.550	158.646
6.064	-121.537	158.646
6.065	-121.537	158.646
6.066	-121.537	157.638
6.067	-121.537	156.630
6.068	-119.509	155.621
6.069	-120.523	155.621
6.070	-119.509	154.613
6.071	-119.509	154.613
6.072	-118.496	154.613
6.073	-117.482	153.605
6.074	-117.482	153.605
6.075	-117.482	152.597
6.076	-117.482	152.597
6.077	-117.482	152.597
6.078	-115.454	152.597
6.079	-115.454	152.597
6.080	-115.454	152.597
6.081	-115.454	152.597
6.082	-114.441	151.589
6.083	-115.454	152.597
6.084	-114.441	151.589
6.085	-113.427	151.589
6.086	-113.427	151.589
6.087	-113.427	151.589
6.088	-112.413	151.589
6.089	-112.413	150.581
6.090	-111.400	151.589
6.091	-111.400	151.589
6.092	-111.400	151.589
6.093	-111.400	150.581
6.094	-110.386	150.581
6.095	-110.386	150.581
6.096	-110.386	150.581
6.097	-109.372	150.581
6.098	-110.386	150.581
6.099	-109.372	149.573
6.100	-108.359	150.581
6.101	-108.359	149.573
6.102	-108.359	149.573
6.103	-108.359	149.573
6.104	-108.359	148.565
6.105	-107.345	148.565
6.106	-107.345	148.565
6.107	-107.345	148.565
6.108	-106.331	147.557
6.109	-106.331	147.557
6.110	-107.345	146.549
6.111	-106.331	146.549
6.112	-106.331	145.540
6.113	-106.331	145.540
6.114	-105.318	145.540
6.115	-105.318	144.532
6.116	-105.318	144.532
6.117	-104.304	143.524
6.118	-104.304	142.516
6.119	-104.304	143.524
6.120	-104.304	142.516
6.121	-103.290	142.516
6.122	-104.304	141.508
6.123	-102.277	140.500
6.124	-102.277	140.500
6.125	-102.277	140.500
6.126	-102.277	139.492
6.127	-100.249	141.508
6.128	-101.263	137.476
6.129	-101.263	137.476
6.130	-101.263	137.476
6.131	-100.249	136.468
6.132	-99.236	137.476
6.133	-99.236	136.468
6.134	-99.236	135.459
6.135	-99.236	134.451
6.136	-99.236	133.443
6.137	-99.236	133.443
6.138	-98.222	133.443
6.139	-98.222	132.435
6.140	-98.222	131.427
6.141	-97.208	130.419
6.142	-97.208	130.419
6.143	-97.208	129.411
6.144	-96.194	128.403
6.145	-96.194	128.403
6.146	-96.194	126.387
6.147	-96.194	126.387
6.148	-95.181	125.378
6.149	-94.167	124.370
6.150	-94.167	123.362
6.151	-94.167	123.362
6.152	-94.167	123.362
6.153	-93.153	121.346
6.154	-93.153	120.338
6.155	-93.153	119.330
6.156	-93.153	119.330
6.157	-92.140	118.322
6.158	-91.126	117.314
6.159	-92.140	117.314
6.160	-91.126	114.289
6.161	-91.126	114.289
6.162	-91.126	114.289
6.163	-90.112	113.281
6.164	-90.112	112.273
6.165	-90.112	111.265
6.166	-89.099	110.257
6.167	-90.112	109.249
6.168	-88.085	108.241
6.169	-88.085	108.241
6.170	-88.085	107.233
6.171	-87.071	106.225
6.172	-87.071	105.216
6.173	-87.071	105.216
6.174	-86.058	104.208
6.175	-86.058	103.200
6.176	-85.044	103.200
6.177	-85.044	102.192
6.178	-85.044	101.184
6.179	-84.030	101.184
6.180	-84.030	100.176
6.181	-83.017	99.168
6.182	-84.030	99.168
6.183	-82.003	98.160
6.184	-83.017	97.152
6.185	-80.989	97.152
6.186	-82.003	97.152
6.187	-80.989	97.152
6.188	-82.003	96.144
6.189	-80.989	93.119
6.190	-79.976	97.152
6.191	-79.976	94.127
6.192	-79.976	94.127
6.193	-78.962	93.119
6.194	-78.962	93.119
6.195	-77.948	93.119
6.196	-77.948	92.111
6.197	-77.948	92.111
6.198	-76.934	91.103
6.199	-76.934	91.103
6.200	-76.934	91.103
6.201	-75.921	90.095
6.202	-75.921	89.087
6.203	-74.907	89.087
6.204	-74.907	88.079
6.205	-74.907	88.079
6.206	-73.893	88.079
6.207	-73.893	88.079
6.208	-72.880	87.071
6.209	-72.880	86.063
6.210	-72.880	86.063
6.211	-72.880	85.054
6.212	-71.866	85.054
6.213	-71.866	84.046
6.214	-71.866	84.046
6.215	-70.852	83.038
6.216	-70.852	83.038
6.217	-70.852	83.038
6.218	-69.839	82.030
6.219	-69.839	81.022
6.220	-68.825	81.022
6.221	-68.825	81.022
6.222	-67.811	80.014
6.223	-66.798	80.014
6.224	-66.798	79.006
6.225	-66.798	79.006
6.226	-65.784	77.998
6.227	-64.770	76.990
6.228	-67.811	76.990
6.229	-64.770	75.982
6.230	-64.770	74.973
6.231	-64.770	75.982
6.232	-64.770	74.973
6.233	-63.757	74.973
6.234	-64.770	72.957
6.235	-62.743	72.957
6.236	-63.757	71.949
6.237	-62.743	71.949
6.238	-62.743	70.941
6.239	-61.729	70.941
6.240	-61.729	69.933
6.241	-60.715	68.925
6.242	-60.715	68.925
6.243	-60.715	68.925
6.244	-60.715	67.917
6.245	-59.702	67.917
6.246	-59.702	65.901
6.247	-60.715	65.901
6.248	-58.688	65.901
6.249	-58.688	65.901
6.250	-58.688	64.892
6.251	-57.674	64.892
6.252	-57.674	63.884
6.253	-57.674	62.876
6.254	-57.674	62.876
6.255	-56.661	61.868
6.256	-56.661	61.868
6.257	-55.647	60.860
6.258	-55.647	59.852
6.259	-55.647	59.852
6.260	-55.647	60.860
6.261	-54.633	58.844
6.262	-54.633	57.836
6.263	-54.633	57.836
6.264	-53.620	56.828
6.265	-53.620	56.828
6.266	-53.620	56.828
6.267	-53.620	56.828
6.268	-53.620	55.820
6.269	-52.606	54.811
6.270	-52.606	54.811
6.271	-51.592	53.803
6.272	-51.592	52.795
6.273	-52.606	51.787
6.274	-51.592	52.795
6.275	-50.579	53.803
6.276	-50.579	52.795
6.277	-50.579	51.787
6.278	-50.579	50.779
6.279	-49.565	50.779
6.280	-49.565	50.779
6.281	-49.565	50.779
6.282	-49.565	48.763
6.283	-48.551	48.763
6.284	-48.551	48.763
6.285	-48.551	48.763
6.286	-48.551	47.755
6.287	-46.524	47.755
6.288	-47.538	46.747
6.289	-47.538	46.747
6.290	-47.538	45.739
6.291	-45.510	45.739
6.292	-46.524	45.739
6.293	-45.510	44.730
6.294	-45.510	43.722
6.295	-45.510	44.730
6.296	-45.510	43.722
6.297	-44.497	43.722
6.298	-44.497	42.714
6.299	-44.497	41.706
6.300	-44.497	42.714
6.301	-44.497	40.698
6.302	-43.483	42.714
6.303	-43.483	40.698
6.304	-42.469	40.698
6.305	-42.469	39.690
6.306	-41.455	39.690
6.307	-40.442	39.690
6.308	-41.455	39.690
6.309	-40.442	38.682
6.310	-40.442	38.682
6.311	-41.455	37.674
6.312	-40.442	37.674
6.313	-40.442	37.674
6.314	-40.442	36.666
6.315	-39.428	35.658
6.316	-39.428	36.666
6.317	-38.414	35.658
6.318	-38.414	35.658
6.319	-39.428	35.658
6.320	-38.414	35.658
6.321	-37.401	34.649
6.322	-37.401	34.649
6.323	-37.401	34.649
6.324	-37.401	34.649
6.325	-37.401	32.633
6.326	-36.387	32.633
6.327	-35.373	32.633
6.328	-35.373	31.625
6.329	-36.387	32.633
6.330	-36.387	32.633
6.331	-34.360	31.625
6.332	-34.360	31.625
6.333	-34.360	31.625
6.334	-34.360	31.625
6.335	-34.360	31.625
6.336	-34.360	30.617
6.337	-33.346	30.617
6.338	-34.360	29.609
6.339	-33.346	29.609
6.340	-33.346	28.601
6.341	-33.346	28.601
6.342	-32.332	28.601
6.343	-32.332	29.609
6.344	-32.332	28.601
6.345	-32.332	28.601
6.346	-32.332	28.601
6.347	-32.332	28.601
6.348	-31.319	28.601
6.349	-31.319	27.593
6.350	-31.319	27.593
6.351	-31.319	27.593
6.352	-31.319	26.585
6.353	-31.319	26.585
6.354	-30.305	26.585
6.355	-30.305	26.585
6.356	-30.305	26.585
6.357	-29.291	26.585
6.358	-30.305	26.585
6.359	-29.291	26.585
6.360	-29.291	25.577
6.361	-29.291	25.577
6.362	-29.291	25.577
6.363	-29.291	24.568
6.364	-29.291	24.568
6.365	-29.291	25.577
6.366	-28.278	24.568
6.367	-29.291	24.568
6.368	-28.278	24.568
6.369	-28.278	23.560
6.370	-28.278	23.560
6.371	-28.278	23.560
6.372	-27.264	23.560
6.373	-28.278	23.560
6.374	-27.264	23.560
6.375	-27.264	23.560
6.376	-27.264	23.560
6.377	-28.278	22.552
6.378	-26.250	23.560
6.379	-27.264	22.552
6.380	-26.250	23.560
6.381	-26.250	22.552
6.382	-27.264	22.552
6.383	-26.250	22.552
6.384	-26.250	21.544
6.385	-26.250	23.560
6.386	-26.250	20.536
6.387	-26.250	21.544
6.388	-26.250	22.552
6.389	-26.250	21.544
6.390	-25.237	21.544
6.391	-26.250	22.552
6.392	-25.237	21.544
6.393	-25.237	20.536
6.394	-25.237	21.544
6.395	-25.237	21.544
6.396	-25.237	20.536
6.397	-25.237	20.536
6.398	-24.223	20.536
6.399	-24.223	20.536
6.400	-24.223	20.536
6.401	-24.223	20.536
6.402	-24.223	20.536
6.403	-24.223	20.536
6.404	-24.223	20.536
6.405	-23.209	19.528
6.406	-23.209	19.528
6.407	-23.209	19.528
6.408	-23.209	20.536
6.409	-23.209	19.528
6.410	-23.209	19.528
6.411	-23.209	19.528
6.412	-23.209	19.528
6.413	-22.195	18.520
6.414	-22.195	19.528
6.415	-21.182	18.520
6.416	-22.195	19.528
6.417	-21.182	19.528
6.418	-21.182	19.528
6.419	-21.182	18.520
6.420	-22.195	18.520
6.421	-21.182	18.520
6.422	-21.182	18.520
6.423	-22.195	18.520
6.424	-21.182	18.520
6.425	-21.182	18.520
6.426	-20.168	18.520
6.427	-20.168	17.512
6.428	-21.182	17.512
6.429	-21.182	16.504
6.430	-20.168	17.512
6.431	-21.182	16.504
6.432	-20.168	17.512
6.433	-20.168	17.512
6.434	-20.168	17.512
6.435	-20.168	17.512
6.436	-20.168	17.512
6.437	-20.168	17.512
6.438	-20.168	18.520
6.439	-20.168	16.504
6.440	-19.154	16.504
6.441	-19.154	17.512
6.442	-18.141	15.496
6.443	-18.141	16.504
6.444	-18.141	15.496
6.445	-18.141	16.504
6.446	-18.141	16.504
6.447	-17.127	16.504
6.448	-18.141	16.504
6.449	-18.141	16.504
6.450	-18.141	15.496
6.451	-18.141	16.504
6.452	-18.141	15.496
6.453	-17.127	16.504
6.454	-17.127	15.496
6.455	-17.127	15.496
6.456	-17.127	16.504
6.457	-15.100	15.496
6.458	-17.127	15.496
6.459	-17.127	15.496
6.460	-16.113	15.496
6.461	-16.113	15.496
6.462	-16.113	14.487
6.463	-16.113	15.496
6.464	-16.113	14.487
6.465	-16.113	15.496
6.466	-16.113	14.487
6.467	-15.100	15.496
6.468	-16.113	15.496
6.469	-15.100	14.487
6.470	-15.100	14.487
6.471	-15.100	15.496
6.472	-15.100	15.496
6.473	-15.100	14.487
6.474	-15.100	14.487
6.475	-14.086	14.487
6.476	-14.086	14.487
6.477	-15.100	14.487
6.478	-14.086	14.487
6.479	-14.086	15.496
6.480	-14.086	13.479
6.481	-14.086	13.479
6.482	-14.086	14.487
6.483	-14.086	13.479
6.484	-14.086	13.479
6.485	-13.072	13.479
6.486	-13.072	14.487
6.487	-13.072	13.479
6.488	-13.072	13.479
6.489	-14.086	13.479
6.490	-13.072	12.471
6.491	-13.072	13.479
6.492	-13.072	13.479
6.493	-13.072	13.479
6.494	-13.072	13.479
6.495	-13.072	13.479
6.496	-13.072	14.487
6.497	-14.086	12.471
6.498	-12.059	12.471
6.499	-13.072	12.471
6.500	-13.072	12.471
6.501	-13.072	12.471
6.502	-12.059	13.479
6.503	-13.072	12.471
6.504	-12.059	12.471
6.505	-12.059	12.471
6.506	-12.059	12.471
6.507	-11.045	12.471
6.508	-12.059	12.471
6.509	-12.059	12.471
6.510	-12.059	11.463
6.511	-12.059	12.471
6.512	-11.045	12.471
6.513	-11.045	12.471
6.514	-12.059	12.471
6.515	-11.045	12.471
6.516	-11.045	11.463
6.517	-11.045	12.471
6.518	-11.045	11.463
6.519	-11.045	11.463
6.520	-11.045	11.463
6.521	-10.031	12.471
6.522	-10.031	11.463
6.523	-10.031	12.471
6.524	-11.045	13.479
6.525	-11.045	12.471
6.526	-10.031	12.471
6.527	-9.018	11.463
6.528	-9.018	11.463
6.529	-10.031	11.463
6.530	-10.031	11.463
6.531	-10.031	11.463
6.532	-10.031	11.463
6.533	-10.031	11.463
6.534	-10.031	11.463
6.535	-9.018	11.463
6.536	-10.031	11.463
6.537	-11.045	11.463
6.538	-9.018	11.463
6.539	-9.018	11.463
6.540	-9.018	11.463
6.541	-9.018	11.463
6.542	-9.018	11.463
6.543	-9.018	11.463
6.544	-9.018	11.463
6.545	-10.031	11.463
6.546	-9.018	11.463
6.547	-9.018	11.463
6.548	-9.018	11.463
6.549	-9.018	10.455
6.550	-9.018	11.463
6.551	-9.018	11.463
6.552	-9.018	10.455
6.553	-9.018	11.463
6.554	-8.004	10.455
6.555	-9.018	11.463
6.556	-9.018	10.455
6.557	-9.018	10.455
6.558	-9.018	11.463
6.559	-9.018	10.455
6.560	-9.018	10.455
6.561	-8.004	10.455
6.562	-9.018	10.455
6.563	-8.004	10.455
6.564	-9.018	10.455
6.565	-8.004	10.455
6.566	-8.004	10.455
6.567	-8.004	10.455
6.568	-8.004	10.455
6.569	-8.004	10.455
6.570	-8.004	10.455
6.571	-8.004	10.455
6.572	-8.004	10.455
6.573	-8.004	10.455
6.574	-8.004	10.455
6.575	-8.004	9.447
6.576	-8.004	10.455
6.577	-8.004	9.447
6.578	-8.004	9.447
6.579	-6.990	10.455
6.580	-6.990	10.455
6.581	-6.990	10.455
6.582	-6.990	11.463
6.583	-6.990	10.455
6.584	-4.963	9.447
6.585	-5.977	9.447
6.586	-6.990	9.447
6.587	-6.990	9.447
6.588	-5.977	10.455
6.589	-5.977	10.455
6.590	-5.977	10.455
6.591	-5.977	10.455
6.592	-4.963	9.447
6.593	-4.963	9.447
6.594	-4.963	10.455
6.595	-4.963	9.447
6.596	-4.963	10.455
6.597	-3.949	10.455
6.598	-4.963	9.447
6.599	-4.963	9.447
6.600	-3.949	10.455
6.601	-4.963	9.447
6.602	-3.949	10.455
6.603	-4.963	10.455
6.604	-3.949	9.447
6.605	-3.949	10.455
6.606	-3.949	9.447
6.607	-3.949	9.447
6.608	-3.949	9.447
6.609	-2.935	10.455
6.610	-3.949	8.439
6.611	-2.935	9.447
6.612	-2.935	9.447
6.613	-3.949	9.447
6.614	-2.935	9.447
6.615	-2.935	10.455
6.616	-2.935	8.439
6.617	-1.922	10.455
6.618	-3.949	10.455
6.619	-2.935	9.447
6.620	-1.922	9.447
6.621	-1.922	9.447
6.622	-1.922	9.447
6.623	-1.922	8.439
6.624	-1.922	9.447
6.625	-1.922	9.447
6.626	-0.908	9.447
6.627	-0.908	8.439
6.628	-0.908	8.439
6.629	-0.908	9.447
6.630	-0.908	8.439
6.631	-0.908	8.439
6.632	-0.908	8.439
6.633	-0.908	9.447
6.634	-0.908	9.447
6.635	-0.908	8.439
6.636	-0.908	8.439
6.637	-0.908	8.439
6.638	-0.908	11.463
6.639	-1.922	8.439
6.640	-0.908	9.447
6.641	0.106	9.447
6.642	-0.908	8.439
6.643	-0.908	8.439
6.644	0.106	9.447
6.645	-0.908	8.439
6.646	0.106	8.439
6.647	0.106	8.439
6.648	0.106	8.439
6.649	0.106	8.439
6.650	0.106	8.439
6.651	0.106	8.439
6.652	0.106	8.439
6.653	0.106	8.439
6.654	0.106	8.439
6.655	0.106	8.439
6.656	0.106	8.439
6.657	1.119	7.431
6.658	0.106	8.439
6.659	0.106	8.439
6.660	0.106	8.439
6.661	0.106	8.439
6.662	1.119	8.439
6.663	1.119	8.439
6.664	1.119	8.439
6.665	0.106	8.439
6.666	1.119	8.439
6.667	1.119	9.447
6.668	2.133	8.439
6.669	1.119	8.439
6.670	1.119	8.439
6.671	1.119	8.439
6.672	1.119	8.439
6.673	1.119	8.439
6.674	1.119	8.439
6.675	2.133	7.431
6.676	1.119	8.439
6.677	2.133	8.439
6.678	2.133	8.439
6.679	3.147	8.439
6.680	2.133	7.431
6.681	2.133	8.439
6.682	2.133	7.431
6.683	3.147	7.431
6.684	2.133	8.439
6.685	2.133	7.431
6.686	2.133	8.439
6.687	2.133	9.447
6.688	2.133	7.431
6.689	2.133	8.439
6.690	2.133	7.431
6.691	3.147	7.431
6.692	2.133	7.431
6.693	3.147	5.415
6.694	1.119	7.431
6.695	3.147	8.439
6.696	3.147	8.439
6.697	4.160	7.431
6.698	3.147	7.431
6.699	3.147	7.431
6.700	2.133	8.439
6.701	3.147	8.439
6.702	3.147	7.431
6.703	3.147	7.431
6.704	3.147	8.439
6.705	3.147	7.431
6.706	3.147	7.431
6.707	3.147	9.447
6.708	3.147	7.431
6.709	3.147	7.431
6.710	3.147	7.431
6.711	3.147	7.431
6.712	3.147	7.431
6.713	3.147	7.431
6.714	3.147	7.431
6.715	3.147	7.431
6.716	3.147	7.431
6.717	3.147	7.431
6.718	3.147	8.439
6.719	3.147	7.431
6.720	4.160	7.431
6.721	3.147	7.431
6.722	4.160	7.431
6.723	4.160	8.439
6.724	4.160	7.431
6.725	4.160	7.431
6.726	4.160	8.439
6.727	4.160	7.431
6.728	3.147	8.439
6.729	4.160	8.439
6.730	4.160	7.431
6.731	4.160	7.431
6.732	4.160	8.439
6.733	4.160	8.439
6.734	4.160	7.431
6.735	4.160	8.439
6.736	4.160	8.439
6.737	5.174	7.431
6.738	3.147	7.431
6.739	4.160	8.439
6.740	4.160	7.431
6.741	4.160	7.431
6.742	4.160	7.431
6.743	4.160	8.439
6.744	4.160	7.431
6.745	4.160	8.439
6.746	4.160	6.423
6.747	3.147	7.431
6.748	5.174	7.431
6.749	4.160	7.431
6.750	4.160	8.439
6.751	4.160	7.431
6.752	4.160	7.431
6.753	4.160	7.431
6.754	5.174	7.431
6.755	4.160	7.431
6.756	4.160	7.431
6.757	4.160	7.431
6.758	4.160	7.431
6.759	4.160	7.431
6.760	4.160	7.431
6.761	4.160	7.431
6.762	4.160	7.431
6.763	4.160	7.431
6.764	5.174	7.431
6.765	4.160	7.431
6.766	5.174	7.431
6.767	4.160	7.431
6.768	4.160	7.431
6.769	4.160	7.431
6.770	4.160	7.431
6.771	4.160	7.431
6.772	4.160	8.439
6.773	4.160	7.431
6.774	5.174	7.431
6.775	4.160	7.431
6.776	5.174	7.431
6.777	4.160	7.431
6.778	5.174	6.423
6.779	5.174	7.431
6.780	6.188	7.431
6.781	4.160	7.431
6.782	4.160	7.431
6.783	5.174	6.423
6.784	4.160	7.431
6.785	5.174	7.431
6.786	5.174	7.431
6.787	4.160	6.423
6.788	5.174	7.431
6.789	4.160	7.431
6.790	5.174	7.431
6.791	5.174	7.431
6.792	5.174	7.431
6.793	5.174	7.431
6.794	5.174	7.431
6.795	4.160	7.431
6.796	5.174	7.431
6.797	5.174	7.431
6.798	4.160	7.431
6.799	5.174	6.423
6.800	5.174	7.431
6.801	5.174	7.431
6.802	5.174	7.431
6.803	5.174	7.431
6.804	5.174	7.431
6.805	5.174	7.431
6.806	4.160	6.423
6.807	7.201	6.423
6.808	6.188	8.439
6.809	6.188	6.423
6.810	5.174	7.431
6.811	5.174	7.431
6.812	5.174	7.431
6.813	6.188	7.431
6.814	5.174	6.423
6.815	5.174	6.423
6.816	5.174	7.431
6.817	5.174	6.423
6.818	5.174	7.431
6.819	5.174	7.431
6.820	5.174	7.431
6.821	5.174	6.423
6.822	5.174	7.431
6.823	5.174	6.423
6.824	6.188	7.431
6.825	5.174	6.423
6.826	6.188	7.431
6.827	5.174	6.423
6.828	6.188	7.431
6.829	4.160	6.423
6.830	6.188	7.431
6.831	6.188	6.423
6.832	6.188	7.431
6.833	6.188	6.423
6.834	6.188	7.431
6.835	5.174	7.431
6.836	6.188	7.431
6.837	6.188	6.423
6.838	7.201	6.423
6.839	6.188	6.423
6.840	6.188	7.431
6.841	6.188	7.431
6.842	6.188	7.431
6.843	6.188	7.431
6.844	6.188	7.431
6.845	6.188	6.423
6.846	6.188	6.423
6.847	6.188	7.431
6.848	5.174	7.431
6.849	6.188	7.431
6.850	6.188	5.415
6.851	6.188	6.423
6.852	6.188	6.423
6.853	6.188	7.431
6.854	6.188	6.423
6.855	6.188	7.431
6.856	5.174	7.431
6.857	6.188	6.423
6.858	6.188	7.431
6.859	6.188	6.423
6.860	6.188	7.431
6.861	6.188	7.431
6.862	6.188	6.423
6.863	6.188	7.431
6.864	6.188	8.439
6.865	5.174	6.423
6.866	6.188	7.431
6.867	6.188	6.423
6.868	6.188	6.423
6.869	6.188	7.431
6.870	6.188	7.431
6.871	6.188	7.431
6.872	6.188	6.423
6.873	6.188	7.431
6.874	5.174	7.431
6.875	5.174	7.431
6.876	6.188	6.423
6.877	4.160	6.423
6.878	6.188	7.431
6.879	5.174	7.431
6.880	6.188	7.431
6.881	6.188	7.431
6.882	5.174	7.431
6.883	6.188	7.431
6.884	5.174	7.431
6.885	6.188	6.423
6.886	6.188	7.431
6.887	6.188	7.431
6.888	6.188	7.431
6.889	5.174	7.431
6.890	6.188	7.431
6.891	7.201	7.431
6.892	5.174	7.431
6.893	6.188	8.439
6.894	6.188	4.406
6.895	5.174	7.431
6.896	6.188	6.423
6.897	5.174	7.431
6.898	6.188	7.431
6.899	6.188	7.431
6.900	6.188	6.423
6.901	6.188	7.431
6.902	5.174	6.423
6.903	6.188	5.415
6.904	6.188	7.431
6.905	6.188	7.431
6.906	6.188	7.431
6.907	6.188	7.431
6.908	6.188	7.431
6.909	6.188	7.431
6.910	5.174	6.423
6.911	5.174	7.431
6.912	6.188	7.431
6.913	6.188	6.423
6.914	6.188	7.431
6.915	6.188	6.423
6.916	6.188	7.431
6.917	5.174	7.431
6.918	5.174	7.431
6.919	6.188	7.431
6.920	6.188	8.439
6.921	6.188	5.415
6.922	6.188	6.423
6.923	5.174	7.431
6.924	6.188	7.431
6.925	6.188	7.431
6.926	6.188	7.431
6.927	5.174	7.431
6.928	6.188	7.431
6.929	5.174	6.423
6.930	5.174	6.423
6.931	6.188	7.431
6.932	6.188	7.431
6.933	6.188	6.423
6.934	6.188	7.431
6.935	6.188	7.431
6.936	6.188	7.431
6.937	5.174	7.431
6.938	5.174	7.431
6.939	6.188	5.415
6.940	5.174	6.423
6.941	5.174	7.431
6.942	6.188	7.431
6.943	6.188	7.431
6.944	6.188	7.431
6.945	5.174	6.423
6.946	6.188	6.423
6.947	4.160	7.431
6.948	6.188	7.431
6.949	5.174	7.431
6.950	6.188	7.431
6.951	6.188	7.431
6.952	6.188	7.431
6.953	5.174	7.431
6.954	5.174	7.431
6.955	6.188	5.415
6.956	6.188	6.423
6.957	6.188	7.431
6.958	6.188	7.431
6.959	5.174	7.431
6.960	6.188	6.423
6.961	6.188	6.423
6.962	6.188	7.431
6.963	5.174	6.423
6.964	6.188	6.423
6.965	6.188	7.431
6.966	6.188	7.431
6.967	7.201	7.431
6.968	6.188	6.423
6.969	6.188	6.423
6.970	6.188	6.423
6.971	6.188	7.431
6.972	6.188	6.423
6.973	6.188	7.431
6.974	5.174	8.439
6.975	5.174	4.406
6.976	6.188	6.423
6.977	6.188	6.423
6.978	5.174	7.431
6.979	6.188	7.431
6.980	6.188	6.423
6.981	6.188	5.415
6.982	6.188	7.431
6.983	5.174	6.423
6.984	6.188	7.431
6.985	6.188	7.431
6.986	6.188	7.431
6.987	5.174	7.431
6.988	6.188	7.431
6.989	5.174	6.423
6.990	6.188	7.431
6.991	6.188	7.431
6.992	6.188	7.431
6.993	6.188	6.423
6.994	6.188	7.431
6.995	6.188	6.423
6.996	6.188	7.431
6.997	5.174	6.423
6.998	6.188	7.431
6.999	6.188	6.423
7.000	6.188	6.423
7.001	5.174	7.431
7.002	6.188	6.423
7.003	6.188	7.431
7.004	6.188	7.431
7.005	5.174	7.431
7.006	6.188	6.423
7.007	6.188	7.431
7.008	5.174	7.431
7.009	6.188	7.431
7.010	5.174	6.423
7.011	6.188	7.431
7.012	6.188	6.423
7.013	6.188	7.431
7.014	6.188	6.423
7.015	6.188	7.431
7.016	6.188	6.423
7.017	6.188	6.423
7.018	6.188	7.431
7.019	6.188	7.431
7.020	7.201	7.431
7.021	6.188	6.423
7.022	6.188	6.423
7.023	6.188	6.423
7.024	6.188	6.423
7.025	5.174	7.431
7.026	5.174	6.423
7.027	6.188	7.431
7.028	6.188	6.423
7.029	6.188	7.431
7.030	6.188	7.431
7.031	6.188	7.431
7.032	6.188	5.415
7.033	5.174	5.415
7.034	6.188	6.423
7.035	6.188	7.431
7.036	6.188	7.431
7.037	6.188	6.423
7.038	6.188	7.431
7.039	6.188	6.423
7.040	6.188	7.431
7.041	5.174	6.423
7.042	5.174	7.431
7.043	6.188	6.423
7.044	5.174	6.423
7.045	5.174	6.423
7.046	6.188	7.431
7.047	6.188	6.423
7.048	6.188	6.423
7.049	5.174	6.423
7.050	6.188	6.423
7.051	5.174	6.423
7.052	6.188	7.431
7.053	6.188	6.423
7.054	6.188	7.431
7.055	5.174	6.423
7.056	5.174	5.415
7.057	6.188	8.439
7.058	5.174	7.431
7.059	5.174	7.431
7.060	6.188	7.431
7.061	6.188	7.431
7.062	6.188	6.423
7.063	6.188	7.431
7.064	6.188	7.431
7.065	6.188	7.431
7.066	6.188	7.431
7.067	6.188	6.423
7.068	6.188	6.423
7.069	5.174	7.431
7.070	6.188	7.431
7.071	6.188	6.423
7.072	6.188	7.431
7.073	6.188	7.431
7.074	5.174	6.423
7.075	6.188	6.423
7.076	6.188	7.431
7.077	6.188	6.423
7.078	5.174	6.423
7.079	6.188	7.431
7.080	6.188	7.431
7.081	6.188	7.431
7.082	6.188	6.423
7.083	6.188	6.423
7.084	5.174	6.423
7.085	6.188	6.423
7.086	5.174	7.431
7.087	5.174	7.431
7.088	6.188	6.423
7.089	6.188	6.423
7.090	6.188	6.423
7.091	6.188	7.431
7.092	6.188	6.423
7.093	6.188	6.423
7.094	6.188	7.431
7.095	6.188	6.423
7.096	6.188	7.431
7.097	6.188	7.431
7.098	6.188	7.431
7.099	6.188	6.423
7.100	5.174	7.431
7.101	6.188	6.423
7.102	6.188	6.423
7.103	6.188	6.423
7.104	5.174	6.423
7.105	6.188	6.423
7.106	6.188	7.431
7.107	6.188	7.431
7.108	5.174	7.431
7.109	6.188	6.423
7.110	6.188	6.423
7.111	5.174	6.423
7.112	6.188	7.431
7.113	5.174	7.431
7.114	6.188	6.423
7.115	6.188	6.423
7.116	6.188	6.423
7.117	6.188	6.423
7.118	6.188	7.431
7.119	6.188	6.423
7.120	6.188	6.423
7.121	6.188	6.423
7.122	6.188	7.431
7.123	6.188	7.431
7.124	6.188	7.431
7.125	6.188	6.423
7.126	6.188	6.423
7.127	6.188	7.431
7.128	7.201	6.423
7.129	5.174	6.423
7.130	6.188	6.423
7.131	6.188	7.431
7.132	6.188	6.423
7.133	6.188	7.431
7.134	6.188	7.431
7.135	6.188	7.431
7.136	5.174	6.423
7.137	5.174	6.423
7.138	6.188	7.431
7.139	5.174	5.415
7.140	5.174	7.431
7.141	6.188	7.431
7.142	6.188	7.431
7.143	6.188	7.431
7.144	6.188	7.431
7.145	6.188	7.431
7.146	6.188	7.431
7.147	5.174	7.431
7.148	6.188	7.431
7.149	6.188	6.423
7.150	6.188	6.423
7.151	6.188	6.423
7.152	6.188	7.431
7.153	5.174	6.423
7.154	6.188	6.423
7.155	6.188	6.423
7.156	6.188	6.423
7.157	6.188	7.431
7.158	6.188	6.423
7.159	6.188	7.431
7.160	5.174	6.423
7.161	6.188	6.423
7.162	6.188	6.423
7.163	6.188	5.415
7.164	5.174	6.423
7.165	6.188	7.431
7.166	6.188	5.415
7.167	6.188	7.431
7.168	6.188	6.423
7.169	6.188	6.423
7.170	6.188	7.431
7.171	6.188	6.423
7.172	5.174	6.423
7.173	6.188	6.423
7.174	6.188	6.423
7.175	5.174	6.423
7.176	6.188	6.423
7.177	5.174	7.431
7.178	6.188	6.423
7.179	6.188	7.431
7.180	5.174	6.423
7.181	6.188	6.423
7.182	5.174	6.423
7.183	6.188	6.423
7.184	6.188	6.423
7.185	6.188	6.423
7.186	6.188	6.423
7.187	4.160	6.423
7.188	6.188	7.431
7.189	5.174	6.423
7.190	6.188	6.423
7.191	6.188	6.423
7.192	5.174	6.423
7.193	6.188	7.431
7.194	6.188	7.431
7.195	6.188	4.406
7.196	6.188	6.423
7.197	6.188	6.423
7.198	7.201	7.431
7.199	6.188	6.423
7.200	6.188	6.423
7.201	6.188	6.423
7.202	6.188	6.423
7.203	6.188	7.431
7.204	6.188	7.431
7.205	6.188	6.423
7.206	6.188	6.423
7.207	6.188	7.431
7.208	5.174	7.431
7.209	6.188	6.423
7.210	6.188	6.423
7.211	6.188	5.415
7.212	6.188	6.423
7.213	6.188	7.431
7.214	6.188	6.423
7.215	6.188	6.423
7.216	6.188	6.423
7.217	5.174	6.423
7.218	6.188	7.431
7.219	7.201	5.415
7.220	5.174	7.431
7.221	6.188	7.431
7.222	6.188	6.423
7.223	6.188	8.439
7.224	6.188	5.415
7.225	6.188	7.431
7.226	6.188	7.431
7.227	7.201	6.423
7.228	6.188	6.423
7.229	6.188	6.423
7.230	6.188	6.423
7.231	6.188	6.423
7.232	6.188	6.423
7.233	6.188	6.423
7.234	6.188	6.423
7.235	6.188	7.431
7.236	6.188	6.423
7.237	5.174	7.431
7.238	6.188	6.423
7.239	6.188	6.423
7.240	6.188	6.423
7.241	7.201	7.431
7.242	6.188	5.415
7.243	6.188	6.423
7.244	6.188	6.423
7.245	6.188	7.431
7.246	6.188	7.431
7.247	6.188	6.423
7.248	7.201	6.423
7.249	6.188	6.423
7.250	7.201	6.423
7.251	6.188	6.423
7.252	6.188	6.423
7.253	6.188	5.415
7.254	6.188	6.423
7.255	6.188	7.431
7.256	6.188	7.431
7.257	5.174	7.431
7.258	5.174	6.423
7.259	6.188	6.423
7.260	6.188	6.423
7.261	6.188	6.423
7.262	6.188	7.431
7.263	6.188	7.431
7.264	6.188	6.423
7.265	6.188	6.423
7.266	6.188	6.423
7.267	6.188	5.415
7.268	6.188	6.423
7.269	6.188	5.415
7.270	6.188	6.423
7.271	5.174	6.423
7.272	6.188	6.423
7.273	5.174	6.423
7.274	6.188	6.423
7.275	6.188	6.423
7.276	7.201	7.431
7.277	6.188	5.415
7.278	5.174	7.431
7.279	5.174	7.431
7.280	6.188	6.423
7.281	6.188	6.423
7.282	6.188	6.423
7.283	6.188	7.431
7.284	6.188	6.423
7.285	6.188	6.423
7.286	6.188	7.431
7.287	7.201	6.423
7.288	6.188	6.423
7.289	6.188	6.423
7.290	6.188	6.423
7.291	6.188	6.423
7.292	6.188	6.423
7.293	6.188	6.423
7.294	6.188	6.423
7.295	6.188	6.423
7.296	6.188	6.423
7.297	5.174	7.431
7.298	6.188	6.423
7.299	6.188	7.431
7.300	6.188	6.423
7.301	6.188	6.423
7.302	6.188	6.423
7.303	6.188	6.423
7.304	6.188	6.423
7.305	6.188	6.423
7.306	5.174	7.431
7.307	6.188	5.415
7.308	6.188	6.423
7.309	6.188	5.415
7.310	6.188	6.423
7.311	6.188	6.423
7.312	6.188	7.431
7.313	7.201	7.431
7.314	6.188	6.423
7.315	6.188	7.431
7.316	6.188	6.423
7.317	5.174	6.423
7.318	6.188	7.431
7.319	5.174	6.423
7.320	6.188	6.423
7.321	6.188	6.423
7.322	6.188	6.423
7.323	6.188	6.423
7.324	6.188	7.431
7.325	6.188	6.423
7.326	6.188	7.431
7.327	6.188	7.431
7.328	6.188	6.423
7.329	6.188	6.423
7.330	6.188	7.431
7.331	6.188	7.431
7.332	6.188	6.423
7.333	6.188	8.439
7.334	6.188	7.431
7.335	7.201	7.431
7.336	6.188	7.431
7.337	6.188	6.423
7.338	6.188	6.423
7.339	6.188	6.423
7.340	6.188	6.423
7.341	6.188	6.423
7.342	6.188	6.423
7.343	6.188	7.431
7.344	6.188	7.431
7.345	6.188	6.423
7.346	6.188	6.423
7.347	6.188	6.423
7.348	6.188	5.415
7.349	7.201	6.423
7.350	5.174	6.423
7.351	6.188	6.423
7.352	6.188	6.423
7.353	6.188	7.431
7.354	6.188	6.423
7.355	6.188	6.423
7.356	6.188	6.423
7.357	6.188	7.431
7.358	6.188	6.423
7.359	7.201	7.431
7.360	6.188	6.423
7.361	6.188	7.431
7.362	7.201	6.423
7.363	6.188	6.423
7.364	5.174	6.423
7.365	6.188	6.423
7.366	6.188	6.423
7.367	6.188	6.423
7.368	6.188	6.423
7.369	5.174	6.423
7.370	6.188	6.423
7.371	6.188	6.423
7.372	6.188	6.423
7.373	6.188	6.423
7.374	6.188	5.415
7.375	6.188	6.423
7.376	6.188	7.431
7.377	5.174	6.423
7.378	6.188	6.423
7.379	6.188	6.423
7.380	6.188	6.423
7.381	6.188	5.415
7.382	6.188	6.423
7.383	6.188	6.423
7.384	6.188	6.423
7.385	6.188	5.415
7.386	5.174	6.423
7.387	5.174	7.431
7.388	6.188	6.423
7.389	6.188	7.431
7.390	6.188	6.423
7.391	6.188	6.423
7.392	6.188	6.423
7.393	6.188	6.423
7.394	6.188	6.423
7.395	6.188	6.423
7.396	6.188	6.423
7.397	6.188	6.423
7.398	6.188	7.431
7.399	6.188	7.431
7.400	6.188	5.415
7.401	6.188	6.423
7.402	6.188	6.423
7.403	6.188	6.423
7.404	6.188	6.423
7.405	6.188	6.423
7.406	6.188	6.423
7.407	7.201	7.431
7.408	6.188	7.431
7.409	5.174	6.423
7.410	5.174	6.423
7.411	5.174	6.423
7.412	6.188	6.423
7.413	6.188	7.431
7.414	6.188	6.423
7.415	6.188	6.423
7.416	5.174	6.423
7.417	5.174	6.423
7.418	6.188	8.439
7.419	6.188	6.423
7.420	6.188	6.423
7.421	6.188	6.423
7.422	5.174	6.423
7.423	6.188	6.423
7.424	6.188	6.423
7.425	6.188	6.423
7.426	6.188	6.423
7.427	5.174	7.431
7.428	7.201	7.431
7.429	6.188	6.423
7.430	6.188	7.431
7.431	6.188	6.423
7.432	6.188	7.431
7.433	6.188	6.423
7.434	6.188	6.423
7.435	6.188	7.431
7.436	6.188	6.423
7.437	6.188	6.423
7.438	5.174	6.423
7.439	6.188	7.431
7.440	6.188	6.423
7.441	7.201	6.423
7.442	5.174	6.423
7.443	5.174	7.431
7.444	6.188	6.423
7.445	5.174	7.431
7.446	6.188	4.406
7.447	6.188	7.431
7.448	6.188	6.423
7.449	5.174	5.415
7.450	6.188	6.423
7.451	6.188	6.423
7.452	5.174	6.423
7.453	5.174	6.423
7.454	6.188	6.423
7.455	6.188	6.423
7.456	6.188	7.431
7.457	7.201	7.431
7.458	6.188	7.431
7.459	6.188	7.431
7.460	6.188	6.423
7.461	6.188	7.431
7.462	6.188	6.423
7.463	5.174	7.431
7.464	6.188	6.423
7.465	7.201	7.431
7.466	5.174	7.431
7.467	6.188	7.431
7.468	6.188	6.423
7.469	6.188	6.423
7.470	6.188	6.423
7.471	6.188	6.423
7.472	6.188	6.423
7.473	6.188	6.423
7.474	6.188	7.431
7.475	6.188	6.423
7.476	6.188	6.423
7.477	6.188	6.423
7.478	5.174	5.415
7.479	6.188	6.423
7.480	6.188	6.423
7.481	6.188	6.423
7.482	5.174	6.423
7.483	6.188	6.423
7.484	5.174	6.423
7.485	6.188	6.423
7.486	6.188	6.423
7.487	6.188	6.423
7.488	6.188	6.423
7.489	5.174	7.431
7.490	6.188	6.423
7.491	6.188	7.431
7.492	6.188	6.423
7.493	6.188	5.415
7.494	5.174	6.423
7.495	5.174	6.423
7.496	5.174	6.423
7.497	4.160	5.415
7.498	6.188	6.423
7.499	6.188	6.423
7.500	6.188	5.415
7.501	5.174	6.423
7.502	5.174	6.423
7.503	6.188	5.415
7.504	6.188	5.415
7.505	6.188	5.415
7.506	6.188	6.423
7.507	6.188	7.431
7.508	6.188	6.423
7.509	5.174	6.423
7.510	6.188	6.423
7.511	6.188	6.423
7.512	4.160	6.423
7.513	5.174	6.423
7.514	6.188	6.423
7.515	5.174	6.423
7.516	6.188	6.423
7.517	5.174	6.423
7.518	5.174	7.431
7.519	5.174	6.423
7.520	5.174	5.415
7.521	6.188	6.423
7.522	5.174	5.415
7.523	5.174	7.431
7.524	6.188	6.423
7.525	6.188	6.423
7.526	5.174	5.415
7.527	5.174	6.423
7.528	5.174	6.423
7.529	6.188	5.415
7.530	5.174	5.415
7.531	5.174	6.423
7.532	6.188	6.423
7.533	6.188	6.423
7.534	5.174	6.423
7.535	5.174	6.423
7.536	6.188	6.423
7.537	6.188	5.415
7.538	5.174	6.423
7.539	5.174	6.423
7.540	5.174	6.423
7.541	6.188	6.423
7.542	6.188	6.423
7.543	6.188	6.423
7.544	6.188	7.431
7.545	6.188	6.423
7.546	6.188	5.415
7.547	4.160	5.415
7.548	6.188	6.423
7.549	5.174	5.415
7.550	6.188	6.423
7.551	6.188	5.415
7.552	5.174	6.423
7.553	6.188	6.423
7.554	5.174	6.423
7.555	5.174	6.423
7.556	6.188	5.415
7.557	5.174	5.415
7.558	6.188	6.423
7.559	5.174	7.431
7.560	6.188	6.423
7.561	6.188	6.423
7.562	5.174	6.423
7.563	5.174	6.423
7.564	6.188	6.423
7.565	5.174	6.423
7.566	6.188	5.415
7.567	5.174	5.415
7.568	4.160	6.423
7.569	6.188	6.423
7.570	6.188	7.431
7.571	6.188	6.423
7.572	6.188	7.431
7.573	5.174	6.423
7.574	6.188	5.415
7.575	6.188	6.423
7.576	5.174	5.415
7.577	5.174	6.423
7.578	6.188	6.423
7.579	6.188	6.423
7.580	6.188	6.423
7.581	5.174	6.423
7.582	5.174	6.423
7.583	6.188	5.415
7.584	5.174	6.423
7.585	6.188	5.415
7.586	5.174	7.431
7.587	6.188	5.415
7.588	6.188	5.415
7.589	6.188	6.423
7.590	5.174	6.423
7.591	5.174	6.423
7.592	6.188	6.423
7.593	5.174	6.423
7.594	6.188	5.415
7.595	5.174	6.423
7.596	6.188	7.431
7.597	6.188	6.423
7.598	6.188	6.423
7.599	6.188	6.423
7.600	5.174	6.423
7.601	6.188	6.423
7.602	6.188	6.423
7.603	6.188	6.423
7.604	6.188	6.423
7.605	6.188	6.423
7.606	6.188	6.423
7.607	6.188	6.423
7.608	5.174	6.423
7.609	6.188	5.415
7.610	6.188	6.423
7.611	6.188	6.423
7.612	6.188	6.423
7.613	6.188	7.431
7.614	6.188	5.415
7.615	6.188	6.423
7.616	5.174	6.423
7.617	5.174	6.423
7.618	6.188	6.423
7.619	7.201	6.423
7.620	6.188	7.431
7.621	6.188	6.423
7.622	6.188	7.431
7.623	6.188	6.423
7.624	6.188	6.423
7.625	5.174	6.423
7.626	5.174	6.423
7.627	6.188	5.415
7.628	6.188	6.423
7.629	6.188	6.423
7.630	6.188	6.423
7.631	6.188	7.431
7.632	5.174	6.423
7.633	6.188	6.423
7.634	6.188	6.423
7.635	6.188	6.423
7.636	5.174	6.423
7.637	6.188	6.423
7.638	6.188	6.423
7.639	6.188	6.423
7.640	6.188	6.423
7.641	6.188	6.423
7.642	5.174	8.439
7.643	6.188	6.423
7.644	6.188	6.423
7.645	5.174	6.423
7.646	6.188	6.423
7.647	5.174	7.431
7.648	6.188	7.431
7.649	6.188	6.423
7.650	5.174	6.423
7.651	5.174	6.423
7.652	5.174	6.423
7.653	6.188	6.423
7.654	6.188	6.423
7.655	6.188	6.423
7.656	5.174	6.423
7.657	6.188	6.423
7.658	6.188	6.423
7.659	5.174	6.423
7.660	6.188	6.423
7.661	7.201	6.423
7.662	6.188	5.415
7.663	6.188	6.423
7.664	6.188	6.423
7.665	6.188	6.423
7.666	6.188	6.423
7.667	6.188	5.415
7.668	6.188	5.415
7.669	6.188	7.431
7.670	6.188	6.423
7.671	6.188	6.423
7.672	6.188	6.423
7.673	6.188	6.423
7.674	6.188	6.423
7.675	6.188	7.431
7.676	6.188	6.423
7.677	6.188	6.423
7.678	6.188	5.415
7.679	6.188	6.423
7.680	6.188	6.423
7.681	5.174	5.415
7.682	6.188	6.423
7.683	6.188	7.431
7.684	6.188	7.431
7.685	6.188	6.423
7.686	6.188	6.423
7.687	5.174	5.415
7.688	5.174	5.415
7.689	5.174	6.423
7.690	6.188	6.423
7.691	6.188	6.423
7.692	6.188	5.415
7.693	6.188	6.423
7.694	6.188	5.415
7.695	6.188	6.423
7.696	6.188	6.423
7.697	6.188	5.415
7.698	6.188	5.415
7.699	6.188	6.423
7.700	6.188	6.423
7.701	6.188	6.423
7.702	7.201	6.423
7.703	6.188	6.423
7.704	6.188	6.423
7.705	6.188	6.423
7.706	6.188	6.423
7.707	6.188	7.431
7.708	7.201	6.423
7.709	6.188	5.415
7.710	6.188	6.423
7.711	6.188	6.423
7.712	6.188	6.423
7.713	6.188	5.415
7.714	6.188	4.406
7.715	6.188	5.415
7.716	6.188	6.423
7.717	6.188	5.415
7.718	6.188	5.415
7.719	6.188	6.423
7.720	6.188	6.423
7.721	6.188	5.415
7.722	6.188	6.423
7.723	7.201	5.415
7.724	6.188	6.423
7.725	6.188	6.423
7.726	6.188	5.415
7.727	6.188	7.431
7.728	5.174	6.423
7.729	6.188	5.415
7.730	6.188	6.423
7.731	6.188	6.423
7.732	6.188	6.423
7.733	6.188	6.423
7.734	6.188	6.423
7.735	6.188	6.423
7.736	7.201	6.423
7.737	6.188	6.423
7.738	6.188	5.415
7.739	7.201	6.423
7.740	7.201	6.423
7.741	6.188	5.415
7.742	6.188	6.423
7.743	6.188	7.431
7.744	6.188	6.423
7.745	6.188	6.423
7.746	6.188	6.423
7.747	6.188	6.423
7.748	6.188	6.423
7.749	6.188	6.423
7.750	6.188	6.423
7.751	6.188	5.415
7.752	6.188	6.423
7.753	6.188	4.406
7.754	6.188	7.431
7.755	6.188	6.423
7.756	6.188	6.423
7.757	7.201	6.423
7.758	6.188	6.423
7.759	6.188	6.423
7.760	6.188	6.423
7.761	6.188	6.423
7.762	7.201	6.423
7.763	6.188	6.423
7.764	6.188	6.423
7.765	6.188	6.423
7.766	6.188	6.423
7.767	6.188	7.431
7.768	6.188	6.423
7.769	6.188	6.423
7.770	7.201	6.423
7.771	6.188	5.415
7.772	6.188	6.423
7.773	6.188	6.423
7.774	6.188	5.415
7.775	6.188	5.415
7.776	6.188	6.423
7.777	6.188	5.415
7.778	5.174	6.423
7.779	6.188	7.431
7.780	6.188	5.415
7.781	6.188	6.423
7.782	6.188	5.415
7.783	6.188	5.415
7.784	6.188	6.423
7.785	6.188	6.423
7.786	5.174	6.423
7.787	6.188	6.423
7.788	6.188	5.415
7.789	6.188	6.423
7.790	6.188	5.415
7.791	6.188	6.423
7.792	6.188	5.415
7.793	6.188	6.423
7.794	6.188	6.423
7.795	6.188	6.423
7.796	6.188	5.415
7.797	6.188	6.423
7.798	6.188	6.423
7.799	6.188	7.431
7.800	6.188	6.423
7.801	6.188	5.415
7.802	6.188	6.423
7.803	6.188	6.423
7.804	6.188	6.423
7.805	6.188	7.431
7.806	5.174	6.423
7.807	5.174	6.423
7.808	6.188	7.431
7.809	6.188	6.423
7.810	6.188	6.423
7.811	6.188	6.423
7.812	6.188	6.423
7.813	6.188	6.423
7.814	6.188	6.423
7.815	6.188	6.423
7.816	6.188	6.423
7.817	6.188	6.423
7.818	6.188	5.415
7.819	6.188	6.423
7.820	6.188	6.423
7.821	6.188	6.423
7.822	7.201	6.423
7.823	6.188	6.423
7.824	6.188	6.423
7.825	6.188	6.423
7.826	6.188	6.423
7.827	6.188	6.423
7.828	6.188	6.423
7.829	6.188	6.423
7.830	6.188	6.423
7.831	6.188	6.423
7.832	6.188	6.423
7.833	6.188	6.423
7.834	6.188	6.423
7.835	6.188	6.423
7.836	6.188	6.423
7.837	6.188	5.415
7.838	6.188	5.415
7.839	6.188	6.423
7.840	6.188	6.423
7.841	6.188	6.423
7.842	6.188	6.423
7.843	6.188	6.423
7.844	6.188	5.415
7.845	6.188	6.423
7.846	6.188	6.423
7.847	7.201	5.415
7.848	6.188	6.423
7.849	6.188	6.423
7.850	6.188	7.431
7.851	6.188	6.423
7.852	6.188	6.423
7.853	6.188	6.423
7.854	6.188	6.423
7.855	6.188	6.423
7.856	6.188	6.423
7.857	6.188	7.431
7.858	6.188	7.431
7.859	6.188	6.423
7.860	6.188	6.423
7.861	6.188	7.431
7.862	6.188	6.423
7.863	6.188	6.423
7.864	6.188	6.423
7.865	6.188	7.431
7.866	6.188	8.439
7.867	6.188	6.423
7.868	6.188	6.423
7.869	6.188	7.431
7.870	6.188	6.423
7.871	6.188	6.423
7.872	6.188	6.423
7.873	6.188	6.423
7.874	6.188	6.423
7.875	6.188	6.423
7.876	6.188	6.423
7.877	6.188	6.423
7.878	7.201	6.423
7.879	6.188	6.423
7.880	6.188	6.423
7.881	6.188	6.423
7.882	6.188	7.431
7.883	6.188	7.431
7.884	7.201	6.423
7.885	7.201	6.423
7.886	7.201	7.431
7.887	7.201	6.423
7.888	6.188	7.431
7.889	7.201	6.423
7.890	6.188	6.423
7.891	6.188	6.423
7.892	7.201	6.423
7.893	6.188	6.423
7.894	6.188	6.423
7.895	6.188	6.423
7.896	6.188	5.415
7.897	7.201	7.431
7.898	5.174	6.423
7.899	7.201	7.431
7.900	7.201	6.423
7.901	7.201	7.431
7.902	6.188	6.423
7.903	6.188	7.431
7.904	6.188	6.423
7.905	6.188	6.423
7.906	6.188	6.423
7.907	6.188	7.431
7.908	7.201	6.423
7.909	6.188	7.431
7.910	7.201	7.431
7.911	6.188	6.423
7.912	6.188	7.431
7.913	6.188	7.431
7.914	7.201	7.431
7.915	7.201	7.431
7.916	6.188	7.431
7.917	6.188	7.431
7.918	7.201	6.423
7.919	6.188	7.431
7.920	6.188	6.423
7.921	7.201	5.415
7.922	6.188	6.423
7.923	6.188	6.423
7.924	7.201	7.431
7.925	7.201	7.431
7.926	7.201	7.431
7.927	7.201	7.431
7.928	6.188	7.431
7.929	7.201	7.431
7.930	6.188	7.431
7.931	6.188	7.431
7.932	6.188	7.431
7.933	6.188	7.431
7.934	7.201	7.431
7.935	7.201	7.431
7.936	6.188	7.431
7.937	6.188	7.431
7.938	6.188	7.431
7.939	6.188	7.431
7.940	6.188	7.431
7.941	6.188	7.431
7.942	6.188	7.431
7.943	6.188	7.431
7.944	6.188	7.431
7.945	6.188	7.431
7.946	7.201	7.431
7.947	6.188	7.431
7.948	6.188	7.431
7.949	6.188	6.423
7.950	6.188	6.423
7.951	6.188	7.431
7.952	7.201	7.431
7.953	7.201	7.431
7.954	6.188	7.431
7.955	6.188	7.431
7.956	6.188	7.431
7.957	6.188	7.431
7.958	7.201	7.431
7.959	6.188	7.431
7.960	7.201	7.431
7.961	6.188	7.431
7.962	7.201	7.431
7.963	7.201	7.431
7.964	7.201	7.431
7.965	6.188	7.431
7.966	6.188	7.431
7.967	7.201	7.431
7.968	7.201	7.431
7.969	6.188	7.431
7.970	6.188	7.431
7.971	7.201	7.431
7.972	6.188	7.431
7.973	6.188	7.431
7.974	6.188	6.423
7.975	6.188	7.431
7.976	6.188	7.431
7.977	7.201	7.431
7.978	6.188	7.431
7.979	7.201	6.423
7.980	6.188	8.439
7.981	6.188	6.423
7.982	7.201	7.431
7.983	6.188	7.431
7.984	6.188	7.431
7.985	7.201	7.431
7.986	6.188	7.431
7.987	7.201	8.439
7.988	7.201	7.431
7.989	6.188	7.431
7.990	7.201	7.431
7.991	7.201	7.431
7.992	6.188	7.431
7.993	6.188	7.431
7.994	6.188	7.431
7.995	7.201	7.431
7.996	7.201	7.431
7.997	6.188	7.431
7.998	6.188	7.431
7.999	7.201	7.431
8.000	7.201	7.431
8.001	7.201	7.431
8.002	6.188	7.431
8.003	6.188	7.431
8.004	6.188	7.431
8.005	7.201	7.431
8.006	7.201	7.431
8.007	6.188	7.431
8.008	7.201	7.431
8.009	6.188	7.431
8.010	6.188	5.415
8.011	7.201	7.431
8.012	6.188	7.431
8.013	7.201	7.431
8.014	6.188	7.431
8.015	6.188	7.431
8.016	6.188	7.431
8.017	6.188	6.423
8.018	6.188	7.431
8.019	7.201	8.439
8.020	6.188	8.439
8.021	6.188	7.431
8.022	6.188	7.431
8.023	6.188	7.431
8.024	6.188	6.423
8.025	7.201	7.431
8.026	6.188	6.423
8.027	7.201	8.439
8.028	6.188	8.439
8.029	6.188	7.431
8.030	6.188	7.431
8.031	6.188	7.431
8.032	6.188	7.431
8.033	6.188	8.439
8.034	6.188	7.431
8.035	6.188	7.431
8.036	6.188	8.439
8.037	5.174	7.431
8.038	6.188	7.431
8.039	6.188	5.415
8.040	7.201	7.431
8.041	6.188	7.431
8.042	6.188	7.431
8.043	6.188	7.431
8.044	6.188	7.431
8.045	6.188	7.431
8.046	6.188	7.431
8.047	6.188	7.431
8.048	6.188	7.431
8.049	6.188	7.431
8.050	6.188	7.431
8.051	6.188	7.431
8.052	6.188	6.423
8.053	6.188	7.431
8.054	6.188	7.431
8.055	6.188	7.431
8.056	6.188	7.431
8.057	6.188	7.431
8.058	5.174	7.431
8.059	6.188	7.431
8.060	6.188	7.431
8.061	6.188	7.431
8.062	6.188	7.431
8.063	6.188	7.431
8.064	5.174	7.431
8.065	6.188	8.439
8.066	6.188	7.431
8.067	6.188	7.431
8.068	6.188	6.423
8.069	6.188	7.431
8.070	6.188	7.431
8.071	6.188	7.431
8.072	6.188	7.431
8.073	6.188	7.431
8.074	6.188	7.431
8.075	6.188	7.431
8.076	6.188	7.431
8.077	6.188	6.423
8.078	5.174	7.431
8.079	6.188	7.431
8.080	6.188	7.431
8.081	6.188	7.431
8.082	6.188	7.431
8.083	6.188	7.431
8.084	6.188	7.431
8.085	6.188	7.431
8.086	6.188	7.431
8.087	7.201	7.431
8.088	6.188	7.431
8.089	6.188	7.431
8.090	6.188	7.431
8.091	6.188	7.431
8.092	6.188	7.431
8.093	6.188	7.431
8.094	6.188	7.431
8.095	6.188	7.431
8.096	6.188	7.431
8.097	6.188	7.431
8.098	6.188	7.431
8.099	6.188	7.431
8.100	6.188	7.431
8.101	6.188	7.431
8.102	6.188	7.431
8.103	6.188	6.423
8.104	6.188	7.431
8.105	6.188	7.431
8.106	6.188	7.431
8.107	6.188	7.431
8.108	7.201	7.431
8.109	6.188	7.431
8.110	6.188	7.431
8.111	6.188	7.431
8.112	6.188	7.431
8.113	6.188	7.431
8.114	6.188	7.431
8.115	6.188	7.431
8.116	7.201	8.439
8.117	7.201	6.423
8.118	6.188	7.431
8.119	6.188	7.431
8.120	7.201	7.431
8.121	6.188	7.431
8.122	6.188	5.415
8.123	6.188	8.439
8.124	6.188	7.431
8.125	6.188	7.431
8.126	6.188	6.423
8.127	7.201	7.431
8.128	6.188	7.431
8.129	6.188	7.431
8.130	6.188	7.431
8.131	7.201	7.431
8.132	6.188	7.431
8.133	6.188	7.431
8.134	6.188	7.431
8.135	6.188	7.431
8.136	6.188	6.423
8.137	7.201	7.431
8.138	6.188	7.431
8.139	6.188	7.431
8.140	6.188	7.431
8.141	6.188	7.431
8.142	7.201	7.431
8.143	6.188	7.431
8.144	6.188	7.431
8.145	6.188	7.431
8.146	7.201	5.415
8.147	6.188	6.423
8.148	6.188	6.423
8.149	6.188	6.423
8.150	7.201	8.439
8.151	6.188	6.423
8.152	6.188	7.431
8.153	6.188	7.431
8.154	6.188	6.423
8.155	6.188	6.423
8.156	6.188	7.431
8.157	6.188	7.431
8.158	6.188	7.431
8.159	7.201	7.431
8.160	6.188	7.431
8.161	6.188	7.431
8.162	7.201	7.431
8.163	6.188	7.431
8.164	7.201	7.431
8.165	6.188	7.431
8.166	6.188	7.431
8.167	6.188	7.431
8.168	7.201	7.431
8.169	7.201	7.431
8.170	6.188	7.431
8.171	7.201	7.431
8.172	7.201	7.431
8.173	7.201	6.423
8.174	7.201	7.431
8.175	6.188	7.431
8.176	6.188	7.431
8.177	6.188	7.431
8.178	7.201	7.431
8.179	6.188	7.431
8.180	6.188	5.415
8.181	6.188	7.431
8.182	6.188	7.431
8.183	6.188	7.431
8.184	7.201	7.431
8.185	7.201	7.431
8.186	6.188	7.431
8.187	7.201	7.431
8.188	6.188	6.423
8.189	6.188	6.423
8.190	7.201	7.431
8.191	7.201	7.431
8.192	7.201	7.431
8.193	7.201	7.431
8.194	6.188	7.431
8.195	7.201	7.431
8.196	7.201	7.431
8.197	7.201	7.431
8.198	7.201	6.423
8.199	7.201	7.431
8.200	6.188	7.431
8.201	6.188	7.431
8.202	7.201	7.431
8.203	7.201	6.423
8.204	6.188	7.431
8.205	7.201	6.423
8.206	6.188	7.431
8.207	7.201	7.431
8.208	7.201	7.431
8.209	6.188	7.431
8.210	6.188	7.431
8.211	6.188	7.431
8.212	7.201	7.431
8.213	7.201	7.431
8.214	6.188	7.431
8.215	7.201	7.431
8.216	7.201	7.431
8.217	6.188	6.423
8.218	7.201	7.431
8.219	6.188	7.431
8.220	6.188	7.431
8.221	7.201	6.423
8.222	6.188	7.431
8.223	6.188	7.431
8.224	7.201	6.423
8.225	6.188	7.431
8.226	6.188	7.431
8.227	6.188	6.423
8.228	7.201	7.431
8.229	6.188	7.431
8.230	7.201	7.431
8.231	6.188	5.415
8.232	6.188	7.431
8.233	7.201	8.439
8.234	7.201	6.423
8.235	7.201	7.431
8.236	7.201	7.431
8.237	7.201	7.431
8.238	7.201	6.423
8.239	7.201	6.423
8.240	7.201	7.431
8.241	7.201	7.431
8.242	7.201	7.431
8.243	7.201	6.423
8.244	7.201	7.431
8.245	7.201	7.431
8.246	7.201	6.423
8.247	7.201	6.423
8.248	7.201	6.423
8.249	7.201	7.431
8.250	7.201	7.431
8.251	6.188	7.431
8.252	7.201	7.431
8.253	7.201	7.431
8.254	7.201	7.431
8.255	8.215	7.431
8.256	7.201	7.431
8.257	8.215	7.431
8.258	7.201	7.431
8.259	7.201	5.415
8.260	7.201	7.431
8.261	7.201	7.431
8.262	8.215	6.423
8.263	7.201	7.431
8.264	7.201	7.431
8.265	7.201	7.431
8.266	7.201	7.431
8.267	7.201	7.431
8.268	7.201	7.431
8.269	7.201	7.431
8.270	7.201	8.439
8.271	7.201	7.431
8.272	8.215	7.431
8.273	7.201	7.431
8.274	6.188	7.431
8.275	7.201	7.431
8.276	7.201	7.431
8.277	7.201	7.431
8.278	7.201	7.431
8.279	7.201	7.431
8.280	7.201	7.431
8.281	7.201	7.431
8.282	7.201	7.431
8.283	7.201	6.423
8.284	7.201	7.431
8.285	7.201	7.431
8.286	7.201	7.431
8.287	7.201	8.439
8.288	7.201	7.431
8.289	6.188	7.431
8.290	7.201	7.431
8.291	7.201	7.431
8.292	7.201	7.431
8.293	7.201	6.423
8.294	7.201	7.431
8.295	7.201	7.431
8.296	7.201	7.431
8.297	8.215	7.431
8.298	7.201	7.431
8.299	7.201	7.431
8.300	7.201	7.431
8.301	7.201	7.431
8.302	7.201	6.423
8.303	7.201	7.431
8.304	7.201	7.431
8.305	7.201	6.423
8.306	7.201	7.431
8.307	7.201	7.431
8.308	6.188	5.415
8.309	7.201	7.431
8.310	7.201	7.431
8.311	7.201	7.431
8.312	7.201	7.431
8.313	8.215	6.423
8.314	7.201	7.431
8.315	8.215	7.431
8.316	7.201	7.431
8.317	8.215	7.431
8.318	7.201	7.431
8.319	7.201	7.431
8.320	8.215	7.431
8.321	8.215	8.439
8.322	8.215	7.431
8.323	8.215	7.431
8.324	7.201	7.431
8.325	7.201	7.431
8.326	7.201	7.431
8.327	7.201	7.431
8.328	8.215	7.431
8.329	7.201	6.423
8.330	7.201	7.431
8.331	7.201	7.431
8.332	7.201	7.431
8.333	7.201	7.431
8.334	8.215	6.423
8.335	7.201	7.431
8.336	8.215	7.431
8.337	8.215	7.431
8.338	8.215	7.431
8.339	7.201	7.431
8.340	8.215	6.423
8.341	7.201	8.439
8.342	7.201	7.431
8.343	7.201	7.431
8.344	7.201	7.431
8.345	7.201	7.431
8.346	7.201	7.431
8.347	8.215	7.431
8.348	7.201	6.423
8.349	8.215	7.431
8.350	7.201	7.431
8.351	7.201	7.431
8.352	7.201	7.431
8.353	7.201	6.423
8.354	7.201	7.431
8.355	7.201	7.431
8.356	8.215	7.431
8.357	8.215	7.431
8.358	7.201	7.431
8.359	8.215	7.431
8.360	7.201	7.431
8.361	7.201	7.431
8.362	7.201	7.431
8.363	8.215	7.431
8.364	7.201	7.431
8.365	8.215	7.431
8.366	7.201	7.431
8.367	7.201	7.431
8.368	7.201	8.439
8.369	7.201	6.423
8.370	8.215	7.431
8.371	8.215	7.431
8.372	8.215	7.431
8.373	8.215	7.431
8.374	8.215	7.431
8.375	8.215	7.431
8.376	8.215	6.423
8.377	7.201	7.431
8.378	8.215	7.431
8.379	7.201	7.431
8.380	8.215	7.431
8.381	8.215	7.431
8.382	8.215	7.431
8.383	8.215	7.431
8.384	8.215	6.423
8.385	8.215	7.431
8.386	8.215	6.423
8.387	7.201	7.431
8.388	8.215	7.431
8.389	7.201	7.431
8.390	8.215	7.431
8.391	8.215	7.431
8.392	8.215	7.431
8.393	8.215	6.423
8.394	8.215	6.423
8.395	8.215	7.431
8.396	8.215	7.431
8.397	8.215	7.431
8.398	8.215	5.415
8.399	7.201	7.431
8.400	8.215	7.431
8.401	8.215	7.431
8.402	8.215	6.423
8.403	8.215	6.423
8.404	7.201	7.431
8.405	8.215	7.431
8.406	7.201	7.431
8.407	8.215	7.431
8.408	9.229	7.431
8.409	8.215	7.431
8.410	8.215	7.431
8.411	8.215	7.431
8.412	8.215	6.423
8.413	8.215	7.431
8.414	8.215	7.431
8.415	8.215	7.431
8.416	8.215	7.431
8.417	8.215	7.431
8.418	8.215	8.439
8.419	8.215	7.431
8.420	7.201	6.423
8.421	8.215	7.431
8.422	8.215	7.431
8.423	8.215	7.431
8.424	8.215	8.439
8.425	8.215	8.439
8.426	8.215	7.431
8.427	8.215	5.415
8.428	9.229	7.431
8.429	8.215	7.431
8.430	8.215	7.431
8.431	8.215	7.431
8.432	8.215	7.431
8.433	8.215	7.431
8.434	8.215	7.431
8.435	7.201	7.431
8.436	8.215	7.431
8.437	8.215	7.431
8.438	8.215	6.423
8.439	7.201	7.431
8.440	8.215	7.431
8.441	8.215	7.431
8.442	8.215	7.431
8.443	8.215	7.431
8.444	8.215	7.431
8.445	8.215	7.431
8.446	8.215	7.431
8.447	7.201	7.431
8.448	7.201	7.431
8.449	8.215	7.431
8.450	8.215	7.431
8.451	8.215	8.439
8.452	8.215	7.431
8.453	8.215	7.431
8.454	8.215	7.431
8.455	8.215	7.431
8.456	8.215	7.431
8.457	8.215	7.431
8.458	7.201	7.431
8.459	8.215	8.439
8.460	8.215	7.431
8.461	8.215	7.431
8.462	8.215	6.423
8.463	8.215	7.431
8.464	8.215	7.431
8.465	8.215	7.431
8.466	8.215	7.431
8.467	7.201	7.431
8.468	8.215	8.439
8.469	9.229	7.431
8.470	8.215	7.431
8.471	8.215	7.431
8.472	7.201	7.431
8.473	8.215	7.431
8.474	8.215	7.431
8.475	8.215	7.431
8.476	8.215	7.431
8.477	8.215	8.439
8.478	8.215	7.431
8.479	7.201	8.439
8.480	8.215	7.431
8.481	8.215	7.431
8.482	7.201	7.431
8.483	9.229	7.431
8.484	8.215	7.431
8.485	8.215	7.431
8.486	8.215	7.431
8.487	8.215	7.431
8.488	8.215	8.439
8.489	7.201	7.431
8.490	8.215	7.431
8.491	8.215	8.439
8.492	8.215	8.439
8.493	8.215	7.431
8.494	8.215	7.431
8.495	8.215	7.431
8.496	8.215	8.439
8.497	8.215	8.439
8.498	8.215	7.431
8.499	8.215	7.431
8.500	8.215	8.439
8.501	8.215	7.431
8.502	8.215	8.439
8.503	8.215	9.447
8.504	9.229	8.439
8.505	8.215	7.431
8.506	8.215	7.431
8.507	8.215	8.439
8.508	8.215	8.439
8.509	8.215	7.431
8.510	9.229	8.439
8.511	7.201	9.447
8.512	8.215	8.439
8.513	8.215	9.447
8.514	8.215	8.439
8.515	8.215	7.431
8.516	8.215	7.431
8.517	8.215	8.439
8.518	9.229	8.439
8.519	9.229	8.439
8.520	8.215	8.439
8.521	8.215	8.439
8.522	9.229	8.439
8.523	9.229	8.439
8.524	8.215	8.439
8.525	8.215	8.439
8.526	8.215	8.439
8.527	8.215	8.439
8.528	9.229	8.439
8.529	8.215	9.447
8.530	8.215	8.439
8.531	9.229	8.439
8.532	8.215	8.439
8.533	8.215	8.439
8.534	8.215	8.439
8.535	9.229	8.439
8.536	8.215	8.439
8.537	8.215	8.439
8.538	9.229	9.447
8.539	8.215	8.439
8.540	8.215	9.447
8.541	8.215	9.447
8.542	8.215	8.439
8.543	8.215	8.439
8.544	8.215	8.439
8.545	8.215	8.439
8.546	8.215	8.439
8.547	9.229	8.439
8.548	9.229	8.439
8.549	8.215	7.431
8.550	8.215	8.439
8.551	9.229	8.439
8.552	8.215	8.439
8.553	8.215	7.431
8.554	9.229	8.439
8.555	8.215	8.439
8.556	8.215	7.431
8.557	8.215	8.439
8.558	8.215	8.439
8.559	8.215	7.431
8.560	9.229	8.439
8.561	8.215	7.431
8.562	8.215	7.431
8.563	8.215	7.431
8.564	8.215	7.431
8.565	8.215	7.431
8.566	8.215	8.439
8.567	8.215	7.431
8.568	9.229	8.439
8.569	9.229	8.439
8.570	8.215	7.431
8.571	8.215	8.439
8.572	8.215	7.431
8.573	8.215	8.439
8.574	8.215	8.439
8.575	8.215	8.439
8.576	8.215	8.439
8.577	8.215	8.439
8.578	9.229	7.431
8.579	9.229	9.447
8.580	8.215	8.439
8.581	8.215	8.439
8.582	8.215	8.439
8.583	8.215	8.439
8.584	8.215	8.439
8.585	8.215	8.439
8.586	9.229	8.439
8.587	8.215	9.447
8.588	9.229	9.447
8.589	8.215	8.439
8.590	9.229	9.447
8.591	8.215	9.447
8.592	8.215	7.431
8.593	8.215	8.439
8.594	9.229	10.455
8.595	9.229	9.447
8.596	9.229	9.447
8.597	8.215	8.439
8.598	9.229	9.447
8.599	8.215	8.439
8.600	9.229	9.447
8.601	8.215	9.447
8.602	8.215	9.447
8.603	9.229	8.439
8.604	8.215	9.447
8.605	9.229	10.455
8.606	9.229	8.439
8.607	8.215	8.439
8.608	8.215	8.439
8.609	8.215	8.439
8.610	8.215	8.439
8.611	9.229	8.439
8.612	8.215	8.439
8.613	9.229	8.439
8.614	8.215	8.439
8.615	8.215	8.439
8.616	8.215	8.439
8.617	9.229	8.439
8.618	9.229	8.439
8.619	8.215	8.439
8.620	9.229	8.439
8.621	9.229	8.439
8.622	9.229	7.431
8.623	9.229	9.447
8.624	8.215	9.447
8.625	9.229	9.447
8.626	9.229	9.447
8.627	8.215	9.447
8.628	8.215	8.439
8.629	9.229	9.447
8.630	8.215	9.447
8.631	9.229	8.439
8.632	9.229	8.439
8.633	8.215	9.447
8.634	8.215	9.447
8.635	8.215	8.439
8.636	8.215	8.439
8.637	8.215	10.455
8.638	8.215	9.447
8.639	8.215	9.447
8.640	8.215	10.455
8.641	8.215	9.447
8.642	8.215	9.447
8.643	9.229	9.447
8.644	8.215	9.447
8.645	8.215	9.447
8.646	8.215	9.447
8.647	8.215	10.455
8.648	8.215	10.455
8.649	9.229	8.439
8.650	9.229	10.455
8.651	8.215	9.447
8.652	9.229	10.455
8.653	8.215	9.447
8.654	9.229	10.455
8.655	8.215	10.455
8.656	8.215	10.455
8.657	9.229	9.447
8.658	8.215	9.447
8.659	9.229	10.455
8.660	9.229	9.447
8.661	8.215	10.455
8.662	8.215	10.455
8.663	8.215	10.455
8.664	8.215	10.455
8.665	9.229	9.447
8.666	9.229	10.455
8.667	8.215	9.447
8.668	8.215	10.455
8.669	9.229	10.455
8.670	8.215	10.455
8.671	9.229	9.447
8.672	9.229	10.455
8.673	8.215	10.455
8.674	9.229	10.455
8.675	9.229	10.455
8.676	9.229	9.447
8.677	9.229	10.455
8.678	9.229	10.455
8.679	10.242	10.455
8.680	8.215	10.455
8.681	9.229	10.455
8.682	9.229	10.455
8.683	9.229	9.447
8.684	8.215	9.447
8.685	8.215	10.455
8.686	9.229	9.447
8.687	9.229	10.455
8.688	8.215	9.447
8.689	8.215	10.455
8.690	8.215	9.447
8.691	9.229	9.447
8.692	8.215	9.447
8.693	9.229	10.455
8.694	9.229	8.439
8.695	8.215	10.455
8.696	9.229	10.455
8.697	9.229	10.455
8.698	8.215	9.447
8.699	9.229	10.455
8.700	9.229	9.447
8.701	9.229	10.455
8.702	8.215	10.455
8.703	9.229	9.447
8.704	10.242	10.455
8.705	9.229	8.439
8.706	9.229	10.455
8.707	9.229	10.455
8.708	9.229	10.455
8.709	9.229	10.455
8.710	9.229	10.455
8.711	9.229	10.455
8.712	9.229	10.455
8.713	9.229	10.455
8.714	10.242	10.455
8.715	10.242	10.455
8.716	10.242	10.455
8.717	9.229	10.455
8.718	9.229	10.455
8.719	9.229	9.447
8.720	9.229	10.455
8.721	9.229	10.455
8.722	9.229	10.455
8.723	9.229	10.455
8.724	10.242	10.455
8.725	9.229	10.455
8.726	9.229	10.455
8.727	10.242	10.455
8.728	10.242	10.455
8.729	9.229	10.455
8.730	9.229	10.455
8.731	8.215	11.463
8.732	9.229	11.463
8.733	10.242	11.463
8.734	9.229	9.447
8.735	9.229	10.455
8.736	9.229	10.455
8.737	9.229	10.455
8.738	9.229	11.463
8.739	9.229	10.455
8.740	9.229	10.455
8.741	9.229	11.463
8.742	9.229	10.455
8.743	10.242	10.455
8.744	9.229	10.455
8.745	9.229	10.455
8.746	9.229	10.455
8.747	10.242	11.463
8.748	10.242	10.455
8.749	9.229	10.455
8.750	10.242	11.463
8.751	9.229	10.455
8.752	9.229	11.463
8.753	9.229	10.455
8.754	9.229	11.463
8.755	10.242	10.455
8.756	9.229	10.455
8.757	10.242	11.463
8.758	9.229	11.463
8.759	9.229	11.463
8.760	9.229	11.463
8.761	10.242	10.455
8.762	10.242	12.471
8.763	10.242	10.455
8.764	10.242	11.463
8.765	9.229	11.463
8.766	9.229	11.463
8.767	9.229	11.463
8.768	9.229	10.455
8.769	10.242	10.455
8.770	10.242	10.455
8.771	9.229	10.455
8.772	10.242	10.455
8.773	10.242	11.463
8.774	10.242	10.455
8.775	9.229	11.463
8.776	11.256	11.463
8.777	10.242	11.463
8.778	10.242	11.463
8.779	10.242	11.463
8.780	10.242	11.463
8.781	10.242	11.463
8.782	10.242	10.455
8.783	9.229	12.471
8.784	10.242	11.463
8.785	10.242	11.463
8.786	10.242	11.463
8.787	10.242	10.455
8.788	11.256	11.463
8.789	9.229	11.463
8.790	10.242	8.439
8.791	10.242	12.471
8.792	10.242	11.463
8.793	10.242	11.463
8.794	10.242	11.463
8.795	10.242	11.463
8.796	10.242	10.455
8.797	11.256	11.463
8.798	10.242	11.463
8.799	9.229	11.463
8.800	10.242	11.463
8.801	11.256	11.463
8.802	10.242	11.463
8.803	10.242	11.463
8.804	10.242	11.463
8.805	10.242	11.463
8.806	9.229	11.463
8.807	10.242	11.463
8.808	9.229	11.463
8.809	10.242	12.471
8.810	11.256	11.463
8.811	11.256	11.463
8.812	10.242	10.455
8.813	10.242	10.455
8.814	10.242	10.455
8.815	10.242	11.463
8.816	9.229	11.463
8.817	10.242	10.455
8.818	11.256	12.471
8.819	11.256	10.455
8.820	10.242	11.463
8.821	10.242	11.463
8.822	10.242	10.455
8.823	11.256	11.463
8.824	10.242	10.455
8.825	11.256	10.455
8.826	10.242	10.455
8.827	10.242	11.463
8.828	10.242	11.463
8.829	10.242	11.463
8.830	10.242	11.463
8.831	10.242	11.463
8.832	11.256	11.463
8.833	10.242	11.463
8.834	11.256	11.463
8.835	10.242	11.463
8.836	11.256	11.463
8.837	10.242	10.455
8.838	10.242	10.455
8.839	10.242	10.455
8.840	11.256	11.463
8.841	10.242	10.455
8.842	10.242	11.463
8.843	10.242	10.455
8.844	10.242	10.455
8.845	9.229	11.463
8.846	10.242	10.455
8.847	11.256	11.463
8.848	10.242	10.455
8.849	11.256	10.455
8.850	11.256	10.455
8.851	10.242	10.455
8.852	11.256	11.463
8.853	11.256	11.463
8.854	11.256	11.463
8.855	10.242	11.463
8.856	10.242	11.463
8.857	10.242	11.463
8.858	10.242	11.463
8.859	10.242	11.463
8.860	11.256	11.463
8.861	11.256	11.463
8.862	11.256	11.463
8.863	11.256	11.463
8.864	10.242	11.463
8.865	10.242	11.463
8.866	11.256	11.463
8.867	11.256	11.463
8.868	11.256	11.463
8.869	10.242	11.463
8.870	10.242	10.455
8.871	10.242	8.439
8.872	11.256	11.463
8.873	10.242	10.455
8.874	10.242	11.463
8.875	11.256	11.463
8.876	10.242	10.455
8.877	10.242	10.455
8.878	10.242	11.463
8.879	10.242	11.463
8.880	11.256	11.463
8.881	11.256	11.463
8.882	11.256	11.463
8.883	10.242	11.463
8.884	11.256	11.463
8.885	11.256	11.463
8.886	11.256	12.471
8.887	11.256	11.463
8.888	10.242	11.463
8.889	10.242	11.463
8.890	10.242	11.463
8.891	11.256	11.463
8.892	11.256	11.463
8.893	11.256	11.463
8.894	11.256	11.463
8.895	11.256	11.463
8.896	12.270	11.463
8.897	11.256	11.463
8.898	10.242	11.463
8.899	10.242	11.463
8.900	11.256	11.463
8.901	11.256	12.471
8.902	11.256	11.463
8.903	11.256	11.463
8.904	11.256	11.463
8.905	11.256	11.463
8.906	11.256	11.463
8.907	11.256	12.471
8.908	11.256	11.463
8.909	11.256	11.463
8.910	11.256	11.463
8.911	11.256	11.463
8.912	11.256	12.471
8.913	11.256	11.463
8.914	11.256	11.463
8.915	10.242	11.463
8.916	11.256	12.471
8.917	11.256	12.471
8.918	11.256	10.455
8.919	11.256	11.463
8.920	11.256	11.463
8.921	11.256	11.463
8.922	11.256	11.463
8.923	11.256	11.463
8.924	11.256	11.463
8.925	11.256	11.463
8.926	10.242	12.471
8.927	11.256	11.463
8.928	12.270	11.463
8.929	12.270	11.463
8.930	11.256	11.463
8.931	11.256	11.463
8.932	11.256	11.463
8.933	11.256	11.463
8.934	11.256	11.463
8.935	11.256	11.463
8.936	12.270	11.463
8.937	11.256	11.463
8.938	12.270	11.463
8.939	11.256	11.463
8.940	11.256	11.463
8.941	11.256	11.463
8.942	10.242	11.463
8.943	11.256	11.463
8.944	11.256	11.463
8.945	11.256	11.463
8.946	11.256	11.463
8.947	11.256	11.463
8.948	11.256	11.463
8.949	11.256	11.463
8.950	11.256	11.463
8.951	11.256	10.455
8.952	11.256	11.463
8.953	11.256	12.471
8.954	11.256	12.471
8.955	11.256	11.463
8.956	11.256	12.471
8.957	11.256	12.471
8.958	11.256	11.463
8.959	11.256	12.471
8.960	11.256	12.471
8.961	10.242	12.471
8.962	11.256	11.463
8.963	11.256	11.463
8.964	11.256	12.471
8.965	11.256	11.463
8.966	11.256	11.463
8.967	11.256	11.463
8.968	11.256	11.463
8.969	11.256	11.463
8.970	11.256	11.463
8.971	11.256	11.463
8.972	11.256	11.463
8.973	11.256	11.463
8.974	10.242	11.463
8.975	11.256	11.463
8.976	11.256	11.463
8.977	11.256	11.463
8.978	11.256	12.471
8.979	11.256	11.463
8.980	11.256	11.463
8.981	11.256	11.463
8.982	11.256	12.471
8.983	11.256	11.463
8.984	11.256	11.463
8.985	11.256	11.463
8.986	11.256	11.463
8.987	11.256	11.463
8.988	11.256	11.463
8.989	10.242	12.471
8.990	11.256	11.463
8.991	11.256	11.463
8.992	11.256	11.463
8.993	11.256	11.463
8.994	11.256	11.463
8.995	11.256	11.463
8.996	11.256	11.463
8.997	10.242	11.463
8.998	11.256	11.463
8.999	12.270	11.463
9.000	11.256	11.463
9.001	11.256	11.463
9.002	12.270	12.471
9.003	10.242	11.463
9.004	11.256	12.471
9.005	11.256	11.463
9.006	11.256	11.463
9.007	11.256	11.463
9.008	10.242	10.455
9.009	11.256	12.471
9.010	11.256	11.463
9.011	11.256	11.463
9.012	11.256	11.463
9.013	11.256	11.463
9.014	11.256	11.463
9.015	11.256	12.471
9.016	11.256	11.463
9.017	10.242	11.463
9.018	10.242	11.463
9.019	11.256	11.463
9.020	10.242	11.463
9.021	11.256	11.463
9.022	11.256	11.463
9.023	11.256	12.471
9.024	11.256	11.463
9.025	11.256	11.463
9.026	11.256	11.463
9.027	11.256	12.471
9.028	11.256	11.463
9.029	11.256	10.455
9.030	11.256	12.471
9.031	12.270	12.471
9.032	11.256	11.463
9.033	11.256	12.471
9.034	11.256	11.463
9.035	11.256	11.463
9.036	11.256	11.463
9.037	11.256	11.463
9.038	11.256	12.471
9.039	11.256	10.455
9.040	11.256	11.463
9.041	11.256	12.471
9.042	12.270	11.463
9.043	11.256	11.463
9.044	11.256	11.463
9.045	11.256	11.463
9.046	10.242	11.463
9.047	11.256	11.463
9.048	11.256	11.463
9.049	11.256	11.463
9.050	10.242	11.463
9.051	10.242	11.463
9.052	11.256	11.463
9.053	11.256	11.463
9.054	11.256	11.463
9.055	11.256	12.471
9.056	10.242	11.463
9.057	11.256	11.463
9.058	11.256	12.471
9.059	11.256	11.463
9.060	11.256	11.463
9.061	10.242	11.463
9.062	11.256	11.463
9.063	10.242	11.463
9.064	11.256	11.463
9.065	11.256	12.471
9.066	10.242	11.463
9.067	11.256	12.471
9.068	10.242	11.463
9.069	10.242	11.463
9.070	10.242	11.463
9.071	10.242	12.471
9.072	11.256	12.471
9.073	11.256	11.463
9.074	11.256	11.463
9.075	11.256	11.463
9.076	10.242	12.471
9.077	11.256	11.463
9.078	10.242	12.471
9.079	11.256	11.463
9.080	10.242	11.463
9.081	11.256	12.471
9.082	11.256	12.471
9.083	11.256	12.471
9.084	11.256	11.463
9.085	11.256	11.463
9.086	11.256	11.463
9.087	11.256	11.463
9.088	11.256	12.471
9.089	11.256	12.471
9.090	11.256	12.471
9.091	10.242	11.463
9.092	11.256	13.479
9.093	11.256	11.463
9.094	10.242	11.463
9.095	10.242	11.463
9.096	11.256	12.471
9.097	11.256	12.471
9.098	11.256	11.463
9.099	12.270	11.463
9.100	11.256	11.463
9.101	11.256	11.463
9.102	10.242	11.463
9.103	11.256	11.463
9.104	11.256	11.463
9.105	11.256	11.463
9.106	10.242	11.463
9.107	11.256	11.463
9.108	11.256	12.471
9.109	11.256	12.471
9.110	11.256	11.463
9.111	11.256	11.463
9.112	10.242	11.463
9.113	11.256	11.463
9.114	10.242	11.463
9.115	10.242	11.463
9.116	10.242	11.463
9.117	11.256	11.463
9.118	11.256	11.463
9.119	11.256	11.463
9.120	11.256	11.463
9.121	11.256	11.463
9.122	11.256	11.463
9.123	11.256	11.463
9.124	11.256	11.463
9.125	11.256	11.463
9.126	11.256	11.463
9.127	10.242	11.463
9.128	10.242	12.471
9.129	11.256	11.463
9.130	10.242	11.463
9.131	11.256	11.463
9.132	10.242	11.463
9.133	11.256	12.471
9.134	11.256	11.463
9.135	11.256	11.463
9.136	11.256	12.471
9.137	11.256	11.463
9.138	10.242	11.463
9.139	11.256	11.463
9.140	10.242	11.463
9.141	11.256	11.463
9.142	10.242	11.463
9.143	10.242	11.463
9.144	11.256	12.471
9.145	11.256	11.463
9.146	10.242	11.463
9.147	10.242	12.471
9.148	11.256	12.471
9.149	10.242	10.455
9.150	11.256	11.463
9.151	10.242	11.463
9.152	11.256	11.463
9.153	11.256	11.463
9.154	10.242	11.463
9.155	10.242	12.471
9.156	11.256	11.463
9.157	10.242	11.463
9.158	11.256	12.471
9.159	11.256	11.463
9.160	11.256	11.463
9.161	11.256	11.463
9.162	10.242	11.463
9.163	10.242	11.463
9.164	11.256	11.463
9.165	10.242	11.463
9.166	11.256	11.463
9.167	11.256	11.463
9.168	11.256	11.463
9.169	10.242	11.463
9.170	11.256	12.471
9.171	10.242	11.463
9.172	10.242	11.463
9.173	10.242	11.463
9.174	10.242	11.463
9.175	10.242	11.463
9.176	10.242	9.447
9.177	10.242	12.471
9.178	11.256	11.463
9.179	10.242	11.463
9.180	10.242	11.463
9.181	10.242	11.463
9.182	10.242	11.463
9.183	10.242	11.463
9.184	10.242	11.463
9.185	10.242	11.463
9.186	9.229	11.463
9.187	10.242	11.463
9.188	9.229	11.463
9.189	10.242	11.463
9.190	10.242	11.463
9.191	10.242	11.463
9.192	10.242	11.463
9.193	10.242	11.463
9.194	10.242	11.463
9.195	9.229	12.471
9.196	10.242	12.471
9.197	9.229	11.463
9.198	10.242	11.463
9.199	9.229	11.463
9.200	9.229	11.463
9.201	9.229	11.463
9.202	8.215	11.463
9.203	9.229	11.463
9.204	10.242	13.479
9.205	9.229	11.463
9.206	9.229	11.463
9.207	9.229	11.463
9.208	9.229	10.455
9.209	9.229	10.455
9.210	9.229	11.463
9.211	9.229	11.463
9.212	9.229	11.463
9.213	8.215	11.463
9.214	8.215	11.463
9.215	8.215	11.463
9.216	8.215	11.463
9.217	8.215	11.463
9.218	8.215	11.463
9.219	8.215	12.471
9.220	8.215	11.463
9.221	8.215	11.463
9.222	8.215	11.463
9.223	8.215	11.463
9.224	8.215	11.463
9.225	8.215	10.455
9.226	8.215	11.463
9.227	8.215	11.463
9.228	7.201	11.463
9.229	7.201	12.471
9.230	7.201	10.455
9.231	8.215	12.471
9.232	7.201	11.463
9.233	7.201	11.463
9.234	7.201	11.463
9.235	7.201	11.463
9.236	8.215	11.463
9.237	7.201	11.463
9.238	7.201	10.455
9.239	7.201	11.463
9.240	7.201	11.463
9.241	7.201	11.463
9.242	7.201	11.463
9.243	7.201	11.463
9.244	7.201	10.455
9.245	7.201	11.463
9.246	7.201	10.455
9.247	7.201	11.463
9.248	7.201	11.463
9.249	7.201	11.463
9.250	7.201	10.455
9.251	7.201	11.463
9.252	7.201	10.455
9.253	7.201	10.455
9.254	7.201	10.455
9.255	7.201	10.455
9.256	7.201	10.455
9.257	7.201	10.455
9.258	7.201	11.463
9.259	7.201	10.455
9.260	7.201	10.455
9.261	7.201	9.447
9.262	7.201	10.455
9.263	7.201	10.455
9.264	7.201	10.455
9.265	8.215	10.455
9.266	8.215	10.455
9.267	7.201	10.455
9.268	8.215	10.455
9.269	8.215	10.455
9.270	8.215	9.447
9.271	7.201	10.455
9.272	8.215	9.447
9.273	8.215	10.455
9.274	8.215	9.447
9.275	7.201	9.447
9.276	8.215	9.447
9.277	8.215	8.439
9.278	9.229	9.447
9.279	9.229	9.447
9.280	8.215	8.439
9.281	8.215	10.455
9.282	8.215	9.447
9.283	8.215	8.439
9.284	9.229	7.431
9.285	9.229	9.447
9.286	9.229	8.439
9.287	9.229	8.439
9.288	9.229	9.447
9.289	9.229	9.447
9.290	9.229	8.439
9.291	9.229	8.439
9.292	9.229	8.439
9.293	9.229	8.439
9.294	9.229	8.439
9.295	9.229	8.439
9.296	9.229	8.439
9.297	9.229	8.439
9.298	9.229	8.439
9.299	8.215	9.447
9.300	9.229	8.439
9.301	9.229	8.439
9.302	8.215	8.439
9.303	9.229	8.439
9.304	9.229	8.439
9.305	9.229	8.439
9.306	9.229	8.439
9.307	9.229	8.439
9.308	9.229	7.431
9.309	8.215	8.439
9.310	8.215	7.431
9.311	9.229	8.439
9.312	7.201	7.431
9.313	8.215	7.431
9.314	9.229	8.439
9.315	8.215	8.439
9.316	8.215	8.439
9.317	8.215	7.431
9.318	8.215	7.431
9.319	8.215	8.439
9.320	8.215	8.439
9.321	8.215	8.439
9.322	8.215	8.439
9.323	8.215	8.439
9.324	8.215	8.439
9.325	8.215	9.447
9.326	8.215	8.439
9.327	7.201	8.439
9.328	7.201	8.439
9.329	8.215	8.439
9.330	7.201	8.439
9.331	7.201	8.439
9.332	8.215	8.439
9.333	7.201	8.439
9.334	8.215	9.447
9.335	8.215	8.439
9.336	7.201	8.439
9.337	7.201	8.439
9.338	8.215	7.431
9.339	8.215	8.439
9.340	7.201	8.439
9.341	8.215	9.447
9.342	7.201	8.439
9.343	7.201	9.447
9.344	7.201	9.447
9.345	7.201	8.439
9.346	7.201	8.439
9.347	7.201	8.439
9.348	7.201	8.439
9.349	7.201	8.439
9.350	7.201	9.447
9.351	8.215	8.439
9.352	7.201	8.439
9.353	7.201	8.439
9.354	7.201	8.439
9.355	7.201	8.439
9.356	7.201	7.431
9.357	7.201	8.439
9.358	7.201	8.439
9.359	8.215	8.439
9.360	7.201	7.431
9.361	7.201	7.431
9.362	7.201	7.431
9.363	7.201	8.439
9.364	7.201	7.431
9.365	8.215	7.431
9.366	7.201	7.431
9.367	7.201	6.423
9.368	7.201	7.431
9.369	6.188	7.431
9.370	7.201	7.431
9.371	7.201	7.431
9.372	7.201	7.431
9.373	7.201	6.423
9.374	7.201	7.431
9.375	6.188	7.431
9.376	7.201	7.431
9.377	7.201	7.431
9.378	7.201	7.431
9.379	6.188	6.423
9.380	7.201	6.423
9.381	6.188	5.415
9.382	6.188	6.423
9.383	6.188	6.423
9.384	7.201	6.423
9.385	7.201	5.415
9.386	7.201	6.423
9.387	6.188	5.415
9.388	6.188	6.423
9.389	6.188	5.415
9.390	6.188	5.415
9.391	6.188	5.415
9.392	6.188	6.423
9.393	6.188	5.415
9.394	7.201	4.406
9.395	6.188	6.423
9.396	6.188	5.415
9.397	6.188	6.423
9.398	6.188	5.415
9.399	6.188	5.415
9.400	6.188	5.415
9.401	6.188	6.423
9.402	6.188	6.423
9.403	6.188	6.423
9.404	6.188	5.415
9.405	6.188	5.415
9.406	6.188	5.415
9.407	6.188	6.423
9.408	6.188	5.415
9.409	7.201	5.415
9.410	6.188	5.415
9.411	6.188	5.415
9.412	6.188	5.415
9.413	6.188	5.415
9.414	6.188	6.423
9.415	6.188	5.415
9.416	6.188	5.415
9.417	7.201	6.423
9.418	6.188	5.415
9.419	6.188	6.423
9.420	6.188	6.423
9.421	7.201	4.406
9.422	7.201	5.415
9.423	6.188	5.415
9.424	6.188	5.415
9.425	6.188	5.415
9.426	6.188	6.423
9.427	6.188	6.423
9.428	6.188	5.415
9.429	6.188	6.423
9.430	6.188	6.423
9.431	6.188	5.415
9.432	6.188	5.415
9.433	6.188	5.415
9.434	7.201	5.415
9.435	6.188	5.415
9.436	7.201	6.423
9.437	6.188	5.415
9.438	6.188	5.415
9.439	6.188	5.415
9.440	7.201	5.415
9.441	6.188	5.415
9.442	6.188	5.415
9.443	6.188	5.415
9.444	6.188	5.415
9.445	6.188	5.415
9.446	7.201	5.415
9.447	6.188	5.415
9.448	7.201	5.415
9.449	7.201	5.415
9.450	7.201	4.406
9.451	6.188	5.415
9.452	6.188	5.415
9.453	7.201	5.415
9.454	7.201	5.415
9.455	7.201	4.406
9.456	6.188	4.406
9.457	6.188	5.415
9.458	7.201	4.406
9.459	6.188	4.406
9.460	7.201	4.406
9.461	7.201	5.415
9.462	6.188	4.406
9.463	6.188	4.406
9.464	6.188	4.406
9.465	7.201	5.415
9.466	7.201	4.406
9.467	7.201	4.406
9.468	6.188	4.406
9.469	6.188	5.415
9.470	7.201	4.406
9.471	7.201	5.415
9.472	7.201	4.406
9.473	7.201	4.406
9.474	6.188	4.406
9.475	7.201	4.406
9.476	6.188	5.415
9.477	7.201	3.398
9.478	7.201	5.415
9.479	6.188	5.415
9.480	7.201	5.415
9.481	7.201	4.406
9.482	6.188	5.415
9.483	7.201	4.406
9.484	7.201	5.415
9.485	7.201	5.415
9.486	7.201	5.415
9.487	7.201	5.415
9.488	6.188	5.415
9.489	7.201	5.415
9.490	6.188	5.415
9.491	7.201	5.415
9.492	7.201	4.406
9.493	6.188	5.415
9.494	7.201	5.415
9.495	7.201	5.415
9.496	7.201	6.423
9.497	7.201	5.415
9.498	7.201	5.415
9.499	7.201	5.415
9.500	7.201	5.415
9.501	6.188	6.423
9.502	7.201	5.415
9.503	7.201	6.423
9.504	7.201	4.406
9.505	7.201	5.415
9.506	7.201	5.415
9.507	7.201	5.415
9.508	7.201	6.423
9.509	7.201	5.415
9.510	6.188	5.415
9.511	6.188	6.423
9.512	7.201	5.415
9.513	7.201	5.415
9.514	7.201	5.415
9.515	7.201	5.415
9.516	6.188	6.423
9.517	7.201	6.423
9.518	6.188	5.415
9.519	7.201	6.423
9.520	7.201	6.423
9.521	7.201	6.423
9.522	7.201	5.415
9.523	7.201	5.415
9.524	6.188	5.415
9.525	7.201	5.415
9.526	7.201	5.415
9.527	6.188	6.423
9.528	6.188	6.423
9.529	7.201	5.415
9.530	7.201	5.415
9.531	7.201	5.415
9.532	6.188	5.415
9.533	6.188	5.415
9.534	7.201	6.423
9.535	7.201	5.415
9.536	6.188	5.415
9.537	6.188	6.423
9.538	7.201	6.423
9.539	7.201	6.423
9.540	6.188	6.423
9.541	6.188	5.415
9.542	6.188	5.415
9.543	6.188	4.406
9.544	7.201	5.415
9.545	7.201	5.415
9.546	7.201	6.423
9.547	6.188	6.423
9.548	7.201	5.415
9.549	6.188	6.423
9.550	6.188	6.423
9.551	6.188	5.415
9.552	6.188	6.423
9.553	6.188	5.415
9.554	6.188	5.415
9.555	6.188	6.423
9.556	6.188	7.431
9.557	6.188	7.431
9.558	7.201	7.431
9.559	6.188	5.415
9.560	6.188	5.415
9.561	6.188	5.415
9.562	7.201	5.415
9.563	7.201	6.423
9.564	6.188	6.423
9.565	6.188	6.423
9.566	6.188	6.423
9.567	6.188	6.423
9.568	6.188	6.423
9.569	6.188	5.415
9.570	6.188	6.423
9.571	6.188	6.423
9.572	6.188	6.423
9.573	6.188	7.431
9.574	5.174	6.423
9.575	6.188	6.423
9.576	6.188	7.431
9.577	6.188	6.423
9.578	6.188	6.423
9.579	6.188	6.423
9.580	6.188	6.423
9.581	6.188	6.423
9.582	6.188	7.431
9.583	6.188	6.423
9.584	6.188	6.423
9.585	6.188	6.423
9.586	5.174	6.423
9.587	6.188	6.423
9.588	5.174	6.423
9.589	5.174	6.423
9.590	6.188	6.423
9.591	5.174	6.423
9.592	6.188	6.423
9.593	5.174	6.423
9.594	6.188	6.423
9.595	6.188	5.415
9.596	4.160	6.423
9.597	6.188	6.423
9.598	6.188	6.423
9.599	6.188	6.423
9.600	5.174	6.423
9.601	6.188	6.423
9.602	6.188	6.423
9.603	4.160	6.423
9.604	6.188	7.431
9.605	5.174	6.423
9.606	5.174	6.423
9.607	5.174	6.423
9.608	5.174	7.431
9.609	6.188	7.431
9.610	5.174	6.423
9.611	4.160	7.431
9.612	6.188	6.423
9.613	5.174	6.423
9.614	6.188	6.423
9.615	5.174	6.423
9.616	5.174	6.423
9.617	5.174	6.423
9.618	5.174	6.423
9.619	6.188	6.423
9.620	5.174	5.415
9.621	4.160	5.415
9.622	4.160	5.415
9.623	6.188	5.415
9.624	6.188	6.423
9.625	5.174	5.415
9.626	5.174	5.415
9.627	5.174	6.423
9.628	5.174	6.423
9.629	6.188	6.423
9.630	5.174	6.423
9.631	6.188	5.415
9.632	5.174	6.423
9.633	5.174	6.423
9.634	6.188	6.423
9.635	6.188	6.423
9.636	4.160	5.415
9.637	5.174	5.415
9.638	4.160	6.423
9.639	5.174	5.415
9.640	5.174	6.423
9.641	5.174	5.415
9.642	5.174	6.423
9.643	5.174	5.415
9.644	5.174	5.415
9.645	6.188	5.415
9.646	5.174	6.423
9.647	5.174	4.406
9.648	6.188	6.423
9.649	5.174	6.423
9.650	5.174	5.415
9.651	6.188	5.415
9.652	5.174	5.415
9.653	5.174	5.415
9.654	5.174	6.423
9.655	5.174	5.415
9.656	4.160	5.415
9.657	5.174	5.415
9.658	5.174	6.423
9.659	5.174	5.415
9.660	6.188	6.423
9.661	6.188	4.406
9.662	5.174	5.415
9.663	6.188	5.415
9.664	6.188	5.415
9.665	5.174	6.423
9.666	5.174	4.406
9.667	6.188	5.415
9.668	6.188	5.415
9.669	6.188	5.415
9.670	6.188	5.415
9.671	6.188	5.415
9.672	6.188	5.415
9.673	5.174	4.406
9.674	6.188	5.415
9.675	6.188	6.423
9.676	5.174	5.415
9.677	6.188	5.415
9.678	6.188	5.415
9.679	6.188	5.415
9.680	6.188	5.415
9.681	5.174	5.415
9.682	6.188	5.415
9.683	6.188	5.415
9.684	5.174	5.415
9.685	5.174	5.415
9.686	6.188	6.423
9.687	6.188	5.415
9.688	5.174	5.415
9.689	5.174	5.415
9.690	5.174	5.415
9.691	6.188	5.415
9.692	6.188	7.431
9.693	6.188	5.415
9.694	6.188	5.415
9.695	6.188	5.415
9.696	6.188	5.415
9.697	5.174	5.415
9.698	6.188	4.406
9.699	6.188	4.406
9.700	5.174	5.415
9.701	6.188	5.415
9.702	6.188	5.415
9.703	6.188	5.415
9.704	6.188	6.423
9.705	6.188	6.423
9.706	6.188	5.415
9.707	6.188	5.415
9.708	6.188	5.415
9.709	6.188	5.415
9.710	6.188	5.415
9.711	6.188	5.415
9.712	7.201	5.415
9.713	6.188	5.415
9.714	6.188	5.415
9.715	6.188	5.415
9.716	6.188	5.415
9.717	6.188	5.415
9.718	5.174	4.406
9.719	5.174	5.415
9.720	5.174	5.415
9.721	6.188	5.415
9.722	6.188	5.415
9.723	6.188	5.415
9.724	6.188	4.406
9.725	6.188	5.415
9.726	5.174	6.423
9.727	6.188	6.423
9.728	6.188	5.415
9.729	5.174	5.415
9.730	6.188	5.415
9.731	6.188	5.415
9.732	6.188	5.415
9.733	6.188	5.415
9.734	6.188	5.415
9.735	6.188	5.415
9.736	6.188	5.415
9.737	6.188	6.423
9.738	6.188	5.415
9.739	6.188	5.415
9.740	6.188	5.415
9.741	6.188	6.423
9.742	6.188	5.415
9.743	6.188	5.415
9.744	5.174	5.415
9.745	6.188	4.406
9.746	6.188	7.431
9.747	6.188	5.415
9.748	6.188	6.423
9.749	6.188	6.423
9.750	6.188	5.415
9.751	6.188	5.415
9.752	6.188	6.423
9.753	6.188	5.415
9.754	6.188	5.415
9.755	6.188	5.415
9.756	7.201	6.423
9.757	6.188	6.423
9.758	6.188	5.415
9.759	6.188	5.415
9.760	6.188	6.423
9.761	6.188	5.415
9.762	6.188	7.431
9.763	7.201	6.423
9.764	6.188	6.423
9.765	6.188	5.415
9.766	6.188	5.415
9.767	6.188	5.415
9.768	6.188	5.415
9.769	6.188	6.423
9.770	7.201	6.423
9.771	6.188	6.423
9.772	7.201	6.423
9.773	7.201	6.423
9.774	6.188	6.423
9.775	6.188	4.406
9.776	6.188	5.415
9.777	6.188	6.423
9.778	6.188	5.415
9.779	5.174	5.415
9.780	6.188	6.423
9.781	6.188	6.423
9.782	6.188	5.415
9.783	6.188	6.423
9.784	6.188	6.423
9.785	6.188	6.423
9.786	6.188	5.415
9.787	6.188	5.415
9.788	7.201	7.431
9.789	5.174	6.423
9.790	6.188	5.415
9.791	6.188	6.423
9.792	6.188	5.415
9.793	6.188	6.423
9.794	6.188	5.415
9.795	6.188	6.423
9.796	6.188	6.423
9.797	6.188	5.415
9.798	6.188	5.415
9.799	6.188	5.415
9.800	6.188	7.431
9.801	5.174	5.415
9.802	6.188	6.423
9.803	7.201	6.423
9.804	6.188	6.423
9.805	6.188	6.423
9.806	6.188	6.423
9.807	6.188	6.423
9.808	6.188	5.415
9.809	6.188	5.415
9.810	6.188	6.423
9.811	6.188	6.423
9.812	6.188	6.423
9.813	6.188	6.423
9.814	6.188	5.415
9.815	5.174	5.415
9.816	6.188	6.423
9.817	6.188	5.415
9.818	6.188	6.423
9.819	6.188	6.423
9.820	7.201	6.423
9.821	6.188	5.415
9.822	6.188	6.423
9.823	6.188	5.415
9.824	6.188	4.406
9.825	6.188	6.423
9.826	5.174	5.415
9.827	6.188	7.431
9.828	6.188	6.423
9.829	6.188	5.415
9.830	6.188	6.423
9.831	6.188	6.423
9.832	6.188	6.423
9.833	6.188	6.423
9.834	6.188	6.423
9.835	6.188	5.415
9.836	6.188	6.423
9.837	6.188	6.423
9.838	6.188	6.423
9.839	6.188	5.415
9.840	6.188	6.423
9.841	6.188	5.415
9.842	6.188	6.423
9.843	6.188	6.423
9.844	6.188	5.415
9.845	6.188	6.423
9.846	6.188	4.406
9.847	6.188	6.423
9.848	6.188	5.415
9.849	6.188	6.423
9.850	6.188	5.415
9.851	6.188	4.406
9.852	6.188	6.423
9.853	6.188	5.415
9.854	6.188	6.423
9.855	6.188	5.415
9.856	6.188	6.423
9.857	6.188	6.423
9.858	6.188	6.423
9.859	7.201	5.415
9.860	6.188	5.415
9.861	6.188	6.423
9.862	6.188	5.415
9.863	6.188	6.423
9.864	7.201	6.423
9.865	6.188	5.415
9.866	6.188	5.415
9.867	6.188	5.415
9.868	6.188	6.423
9.869	6.188	5.415
9.870	6.188	6.423
9.871	6.188	6.423
9.872	6.188	6.423
9.873	6.188	5.415
9.874	6.188	6.423
9.875	6.188	6.423
9.876	6.188	5.415
9.877	5.174	5.415
9.878	6.188	5.415
9.879	6.188	5.415
9.880	6.188	5.415
9.881	6.188	6.423
9.882	6.188	6.423
9.883	6.188	6.423
9.884	6.188	5.415
9.885	6.188	6.423
9.886	5.174	5.415
9.887	6.188	6.423
9.888	6.188	5.415
9.889	6.188	7.431
9.890	6.188	5.415
9.891	6.188	6.423
9.892	5.174	5.415
9.893	6.188	6.423
9.894	6.188	6.423
9.895	6.188	5.415
9.896	5.174	5.415
9.897	6.188	6.423
9.898	6.188	5.415
9.899	6.188	6.423
9.900	6.188	5.415
9.901	5.174	5.415
9.902	6.188	4.406
9.903	6.188	6.423
9.904	6.188	5.415
9.905	5.174	5.415
9.906	6.188	5.415
9.907	6.188	5.415
9.908	6.188	5.415
9.909	6.188	5.415
9.910	6.188	6.423
9.911	6.188	5.415
9.912	6.188	5.415
9.913	6.188	5.415
9.914	6.188	5.415
9.915	6.188	7.431
9.916	6.188	5.415
9.917	6.188	5.415
9.918	5.174	6.423
9.919	6.188	5.415
9.920	6.188	5.415
9.921	6.188	6.423
9.922	6.188	5.415
9.923	6.188	5.415
9.924	6.188	6.423
9.925	6.188	6.423
9.926	6.188	5.415
9.927	6.188	5.415
9.928	5.174	5.415
9.929	5.174	5.415
9.930	6.188	6.423
9.931	6.188	6.423
9.932	6.188	5.415
9.933	6.188	5.415
9.934	6.188	5.415
9.935	6.188	7.431
9.936	6.188	5.415
9.937	6.188	6.423
9.938	6.188	5.415
9.939	6.188	6.423
9.940	6.188	5.415
9.941	6.188	6.423
9.942	6.188	6.423
9.943	6.188	5.415
9.944	6.188	5.415
9.945	5.174	5.415
9.946	6.188	6.423
9.947	6.188	6.423
9.948	6.188	5.415
9.949	6.188	6.423
9.950	6.188	6.423
9.951	5.174	6.423
9.952	6.188	6.423
9.953	6.188	6.423
9.954	4.160	5.415
9.955	6.188	7.431
9.956	6.188	6.423
9.957	6.188	6.423
9.958	6.188	6.423
9.959	6.188	6.423
9.960	5.174	7.431
9.961	6.188	5.415
9.962	6.188	6.423
9.963	6.188	6.423
9.964	6.188	6.423
9.965	5.174	6.423
9.966	7.201	7.431
9.967	6.188	6.423
9.968	6.188	6.423
9.969	6.188	6.423
9.970	6.188	6.423
9.971	6.188	6.423
9.972	6.188	6.423
9.973	6.188	7.431
9.974	6.188	7.431
9.975	6.188	6.423
9.976	6.188	6.423
9.977	6.188	6.423
9.978	5.174	7.431
9.979	6.188	6.423
9.980	5.174	6.423
9.981	6.188	6.423
9.982	6.188	7.431
9.983	6.188	7.431
9.984	6.188	6.423
9.985	6.188	6.423
9.986	6.188	6.423
9.987	6.188	7.431
9.988	6.188	6.423
9.989	6.188	7.431
9.990	6.188	6.423
9.991	6.188	7.431
9.992	7.201	7.431
9.993	7.201	7.431
9.994	5.174	6.423
9.995	5.174	7.431
9.996	6.188	7.431
9.997	6.188	7.431
9.998	6.188	6.423
9.999	5.174	7.431
10.000	6.188	6.423
